AXIS X
0.075 0.15 0.225 0.3 0.375 0.45 0.525 0.6 0.675 0.75 0.825 0.9 0.975 1.05 1.125 1.2
AXIS Y
0.6773675 0.754735 0.8321025 0.90947 0.9868375 1.064205 1.1415725 1.21894 1.2963075 1.373675 1.4510425 1.52841 1.6057775 1.683145 1.7605125 1.83788 1.9152475 1.992615 2.0699825 2.14735 2.2247175 2.302085 2.3794525 2.45682 2.5341875 2.611555 2.6889225 2.76629 2.8436575 2.921025 2.9983925 3.07576 3.1531275 3.230495 3.3078625 3.38523 3.4625975 3.539965 3.6173325 3.6947
DATA
0.38117930 0.38613937 0.40409894 0.41693404 0.41664424 0.41209541 0.41445253 0.41641785 0.41939493 0.41402548 0.41440632 0.41569712 0.41058386 0.41209693 0.43071857 0.46409015
0.33881687 0.35504993 0.37988429 0.38855288 0.38986298 0.37846950 0.38098693 0.39731440 0.38552683 0.38465221 0.38005945 0.38168693 0.37884952 0.37760661 0.39139089 0.42321645
0.37871421 0.39143099 0.39648227 0.40267050 0.39441966 0.39753577 0.39336206 0.39917109 0.39815013 0.39663000 0.39256922 0.39574647 0.39176283 0.38914550 0.38611668 0.41754856
0.40187877 0.41365064 0.40266663 0.40717024 0.40402090 0.40985362 0.40610508 0.39909875 0.40438684 0.40326894 0.40486102 0.40704071 0.39971568 0.40094746 0.39135910 0.41403999
0.41431909 0.39476782 0.40645035 0.39711902 0.39963056 0.39913405 0.40385055 0.40163511 0.40518193 0.40025029 0.40462598 0.40101220 0.40252753 0.39162179 0.39002486 0.41381000
0.41263370 0.40281907 0.40455034 0.40115964 0.39803608 0.40246584 0.39960658 0.40073098 0.39891883 0.39746711 0.39827728 0.39885418 0.39695188 0.38876955 0.39115473 0.41902958
0.38837652 0.40300284 0.39851838 0.40509706 0.39608041 0.39953961 0.39807326 0.40058006 0.40218895 0.40494046 0.40211570 0.40376372 0.39830290 0.39549094 0.39530340 0.41418661
0.40565118 0.39819478 0.38890729 0.39937895 0.39792959 0.39564171 0.40434296 0.39750917 0.40087601 0.40182431 0.39843108 0.39958187 0.39826121 0.39349069 0.40010478 0.41652809
0.40535370 0.40949509 0.40252198 0.40329051 0.39945956 0.39766813 0.40055809 0.40318652 0.40203877 0.39936199 0.40090116 0.40306740 0.39715993 0.39516244 0.39409545 0.41491451
0.41189892 0.41591089 0.39476381 0.39817724 0.40020990 0.39431683 0.40058975 0.39881130 0.39901498 0.40141563 0.40074940 0.40156504 0.39883218 0.39560480 0.39240452 0.42326024
0.40415616 0.40014417 0.40602002 0.39882698 0.39527649 0.39904168 0.39754585 0.40019391 0.39995072 0.39288895 0.40392897 0.40047754 0.39825379 0.39820091 0.39703938 0.42103377
0.39965971 0.39225026 0.40111382 0.40234533 0.40520201 0.39382898 0.40014086 0.40211139 0.39982209 0.40204800 0.39934674 0.39834330 0.39454818 0.39223839 0.39590197 0.42321666
0.39476778 0.39924194 0.40103161 0.40139931 0.39891990 0.40359864 0.40096572 0.40172221 0.40060670 0.40255631 0.39890381 0.39928544 0.40038047 0.39347251 0.39400295 0.42026105
0.37902418 0.40345585 0.40186870 0.39659645 0.40430849 0.40171081 0.39972588 0.39777526 0.39704802 0.39661887 0.40329291 0.40198996 0.39661081 0.39373055 0.39586668 0.41772694
0.39450826 0.40357473 0.40107013 0.39858345 0.40306813 0.40203180 0.40103672 0.39809482 0.39772713 0.40037287 0.40052336 0.39903571 0.40043912 0.39845715 0.39702652 0.42149660
0.39278233 0.40377140 0.40099941 0.39420676 0.40388463 0.40061656 0.39848281 0.39778724 0.40188289 0.39618651 0.39896334 0.40026954 0.40261060 0.39446077 0.39006389 0.41594784
0.40369585 0.40537930 0.39814802 0.40481692 0.39985020 0.39883188 0.40246004 0.40145000 0.39736668 0.39741075 0.40229572 0.40229992 0.39901787 0.39341643 0.38943477 0.41146483
0.40114843 0.40639284 0.39899966 0.39938798 0.39915128 0.39967362 0.39654516 0.40266906 0.39763537 0.39995591 0.40072732 0.40193021 0.39913047 0.39267719 0.38879163 0.41338219
0.38603467 0.38967471 0.40446456 0.39318338 0.40362875 0.40864679 0.39768663 0.39756652 0.40078078 0.40076342 0.39791297 0.40073016 0.39906323 0.39606796 0.39367437 0.41204080
0.41182008 0.40485363 0.40729768 0.40389893 0.39451168 0.40171325 0.40160986 0.40026188 0.39972914 0.40045749 0.39732774 0.39911998 0.39558619 0.39804263 0.39193661 0.41248330
0.39108380 0.40078938 0.40262213 0.40253300 0.40009848 0.39576757 0.40087904 0.40110939 0.40447095 0.39839094 0.40056503 0.40472566 0.40185504 0.39386296 0.39475481 0.41716553
0.38751341 0.40100779 0.40041088 0.40512223 0.40151185 0.40105054 0.40471114 0.39836527 0.39629644 0.39986515 0.40132938 0.39857861 0.39850693 0.39443982 0.39741195 0.41506691
0.40569199 0.40309498 0.39133858 0.39838789 0.39642878 0.39910776 0.39558321 0.40201118 0.39745697 0.40242898 0.39580095 0.39909822 0.40061217 0.39803697 0.39323146 0.41044306
0.38735589 0.39819118 0.40174394 0.39881569 0.40166884 0.40612947 0.39812603 0.40132278 0.39776850 0.40149365 0.40206348 0.39779348 0.40056247 0.39294128 0.39064923 0.41119774
0.41271521 0.39810509 0.39966748 0.40096532 0.40969815 0.39977203 0.40278842 0.40153202 0.40334680 0.39921626 0.39840110 0.40336225 0.39927691 0.39329683 0.39289432 0.41244467
0.39294562 0.39803994 0.40213666 0.39751709 0.40302706 0.39714119 0.39556222 0.40103154 0.39922830 0.39551953 0.39905518 0.40241083 0.39941922 0.39102871 0.39529387 0.41074668
0.39363594 0.39045975 0.40063516 0.39596681 0.39916379 0.39966978 0.40084097 0.39802185 0.40023745 0.40219633 0.39942663 0.40147228 0.40207959 0.39364939 0.39557773 0.41833618
0.40488971 0.40286618 0.40816364 0.39949828 0.40318661 0.40242894 0.39882654 0.39889173 0.39714228 0.40156190 0.39881654 0.40183843 0.40043761 0.39762865 0.39194241 0.41298541
0.40408399 0.39365421 0.40010329 0.40189383 0.40019610 0.40038421 0.39886170 0.39901559 0.40050864 0.40675470 0.40308385 0.40418274 0.39952646 0.39343978 0.38923678 0.41898311
0.38811786 0.40154845 0.41103039 0.40380913 0.39908761 0.40107749 0.39714817 0.40384219 0.40055295 0.39841060 0.39910951 0.39959653 0.39761055 0.39377263 0.39188593 0.41994202
0.40320258 0.39484868 0.40179910 0.39649035 0.40560006 0.40263843 0.39791297 0.39517471 0.39876106 0.40336011 0.39771558 0.40363244 0.39900953 0.39275904 0.38901464 0.41816519
0.39396716 0.39899290 0.40225578 0.39883886 0.40252671 0.40050645 0.39718958 0.39953076 0.40031180 0.40063956 0.39827219 0.40216038 0.39917543 0.39058688 0.38851224 0.41434764
0.41673482 0.40155279 0.40008483 0.39895373 0.39912314 0.40063255 0.39975593 0.39948603 0.40610466 0.40070429 0.40302756 0.39992553 0.39989332 0.39288618 0.39349869 0.41703953
0.38612640 0.40671609 0.40096607 0.39676995 0.40433828 0.40217873 0.40528919 0.40135443 0.39764042 0.40138952 0.40409110 0.39956918 0.39488763 0.38950090 0.39034196 0.41635603
0.39177905 0.39602268 0.40795228 0.40097393 0.39406079 0.39903366 0.39851748 0.39900155 0.40223410 0.39587064 0.40219589 0.40240162 0.40049641 0.38895706 0.39218943 0.41410344
0.39007527 0.40159488 0.40554634 0.39876309 0.39981645 0.39485697 0.40518967 0.40506073 0.40506832 0.40037709 0.40061438 0.40492052 0.40178351 0.39812507 0.40199866 0.41883961
0.40462439 0.40823743 0.40881721 0.40275049 0.40548855 0.39816335 0.40844943 0.40224840 0.40429026 0.40467669 0.40605015 0.40253939 0.40380596 0.39516565 0.39884526 0.41532631
0.40511396 0.39526327 0.39339412 0.39500878 0.40128197 0.39956978 0.39122827 0.39336513 0.39838181 0.39538828 0.39600589 0.39608556 0.39522232 0.38840807 0.39227463 0.40894790
0.39962647 0.38990239 0.38167841 0.39228019 0.39690724 0.39211016 0.38220535 0.37120640 0.38358983 0.39032367 0.38623348 0.38498202 0.38490377 0.38524999 0.39438070 0.42039676
0.42796654 0.42605771 0.41353338 0.41873295 0.42863254 0.42719412 0.42023909 0.40558109 0.40697514 0.41249239 0.41457726 0.40656681 0.41153430 0.41508700 0.43525379 0.47005494
