0.037 0.639 0.000
0.037 0.716 0.000
0.037 0.793 0.000
0.037 0.871 0.000
0.037 0.948 0.000
0.037 1.026 0.000
0.037 1.103 0.000
0.037 1.180 0.000
0.037 1.258 0.000
0.037 1.335 0.000
0.037 1.412 0.000
0.037 1.490 0.000
0.037 1.567 0.000
0.037 1.644 0.000
0.037 1.722 0.000
0.037 1.799 0.000
0.037 1.877 0.000
0.037 1.954 0.000
0.037 2.031 0.000
0.037 2.109 0.000
0.037 2.186 0.000
0.037 2.263 0.000
0.037 2.341 0.000
0.037 2.418 0.000
0.037 2.496 0.000
0.037 2.573 0.000
0.037 2.650 0.000
0.037 2.728 0.000
0.037 2.805 0.000
0.037 2.882 0.000
0.037 2.960 0.000
0.037 3.037 0.000
0.037 3.114 0.000
0.037 3.192 0.000
0.037 3.269 0.000
0.037 3.347 0.000
0.037 3.424 0.000
0.037 3.501 0.000
0.037 3.579 0.000
0.037 3.656 0.000
0.112 0.639 0.000
0.112 0.716 0.000
0.112 0.793 0.000
0.112 0.871 0.000
0.112 0.948 0.000
0.112 1.026 0.000
0.112 1.103 0.000
0.112 1.180 0.000
0.112 1.258 0.000
0.112 1.335 0.000
0.112 1.412 0.000
0.112 1.490 0.000
0.112 1.567 0.000
0.112 1.644 0.000
0.112 1.722 0.000
0.112 1.799 0.000
0.112 1.877 0.000
0.112 1.954 0.000
0.112 2.031 0.000
0.112 2.109 0.000
0.112 2.186 0.000
0.112 2.263 0.000
0.112 2.341 0.000
0.112 2.418 0.000
0.112 2.496 0.000
0.112 2.573 0.000
0.112 2.650 0.000
0.112 2.728 0.000
0.112 2.805 0.000
0.112 2.882 0.000
0.112 2.960 0.000
0.112 3.037 0.000
0.112 3.114 0.000
0.112 3.192 0.000
0.112 3.269 0.000
0.112 3.347 0.000
0.112 3.424 0.000
0.112 3.501 0.000
0.112 3.579 0.000
0.112 3.656 0.000
0.188 0.639 0.000
0.188 0.716 0.000
0.188 0.793 0.000
0.188 0.871 0.000
0.188 0.948 0.000
0.188 1.026 0.000
0.188 1.103 0.000
0.188 1.180 0.000
0.188 1.258 0.000
0.188 1.335 0.000
0.188 1.412 0.000
0.188 1.490 0.000
0.188 1.567 0.000
0.188 1.644 0.000
0.188 1.722 0.000
0.188 1.799 0.000
0.188 1.877 0.000
0.188 1.954 0.000
0.188 2.031 0.000
0.188 2.109 0.000
0.188 2.186 0.000
0.188 2.263 0.000
0.188 2.341 0.000
0.188 2.418 0.000
0.188 2.496 0.000
0.188 2.573 0.000
0.188 2.650 0.000
0.188 2.728 0.000
0.188 2.805 0.000
0.188 2.882 0.000
0.188 2.960 0.000
0.188 3.037 0.000
0.188 3.114 0.000
0.188 3.192 0.000
0.188 3.269 0.000
0.188 3.347 0.000
0.188 3.424 0.000
0.188 3.501 0.000
0.188 3.579 0.000
0.188 3.656 0.000
0.262 0.639 0.000
0.262 0.716 0.000
0.262 0.793 0.000
0.262 0.871 0.000
0.262 0.948 0.000
0.262 1.026 0.000
0.262 1.103 0.000
0.262 1.180 0.000
0.262 1.258 0.000
0.262 1.335 0.000
0.262 1.412 0.000
0.262 1.490 0.000
0.262 1.567 0.000
0.262 1.644 0.000
0.262 1.722 0.000
0.262 1.799 0.000
0.262 1.877 0.000
0.262 1.954 0.000
0.262 2.031 0.000
0.262 2.109 0.000
0.262 2.186 0.000
0.262 2.263 0.000
0.262 2.341 0.000
0.262 2.418 0.000
0.262 2.496 0.000
0.262 2.573 0.000
0.262 2.650 0.000
0.262 2.728 0.000
0.262 2.805 0.000
0.262 2.882 0.000
0.262 2.960 0.000
0.262 3.037 0.000
0.262 3.114 0.000
0.262 3.192 0.000
0.262 3.269 0.000
0.262 3.347 0.000
0.262 3.424 0.000
0.262 3.501 0.000
0.262 3.579 0.000
0.262 3.656 0.000
0.338 0.639 0.000
0.338 0.716 0.000
0.338 0.793 0.000
0.338 0.871 0.000
0.338 0.948 0.000
0.338 1.026 0.000
0.338 1.103 0.000
0.338 1.180 0.000
0.338 1.258 0.000
0.338 1.335 0.000
0.338 1.412 0.000
0.338 1.490 0.000
0.338 1.567 0.000
0.338 1.644 0.000
0.338 1.722 0.000
0.338 1.799 0.000
0.338 1.877 0.000
0.338 1.954 0.000
0.338 2.031 0.000
0.338 2.109 0.000
0.338 2.186 0.000
0.338 2.263 0.000
0.338 2.341 0.000
0.338 2.418 0.000
0.338 2.496 0.000
0.338 2.573 0.000
0.338 2.650 0.000
0.338 2.728 0.000
0.338 2.805 0.000
0.338 2.882 0.000
0.338 2.960 0.000
0.338 3.037 0.000
0.338 3.114 0.000
0.338 3.192 0.000
0.338 3.269 0.000
0.338 3.347 0.000
0.338 3.424 0.000
0.338 3.501 0.000
0.338 3.579 0.000
0.338 3.656 0.000
0.412 0.639 0.000
0.412 0.716 0.000
0.412 0.793 0.000
0.412 0.871 0.000
0.412 0.948 0.000
0.412 1.026 0.000
0.412 1.103 0.000
0.412 1.180 0.000
0.412 1.258 0.000
0.412 1.335 0.000
0.412 1.412 0.000
0.412 1.490 0.000
0.412 1.567 0.000
0.412 1.644 0.000
0.412 1.722 0.000
0.412 1.799 0.000
0.412 1.877 0.000
0.412 1.954 0.000
0.412 2.031 0.000
0.412 2.109 0.000
0.412 2.186 0.000
0.412 2.263 0.000
0.412 2.341 0.000
0.412 2.418 0.000
0.412 2.496 0.000
0.412 2.573 0.000
0.412 2.650 0.000
0.412 2.728 0.000
0.412 2.805 0.000
0.412 2.882 0.000
0.412 2.960 0.000
0.412 3.037 0.000
0.412 3.114 0.000
0.412 3.192 0.000
0.412 3.269 0.000
0.412 3.347 0.000
0.412 3.424 0.000
0.412 3.501 0.000
0.412 3.579 0.000
0.412 3.656 0.000
0.488 0.639 0.000
0.488 0.716 0.000
0.488 0.793 0.000
0.488 0.871 0.000
0.488 0.948 0.000
0.488 1.026 0.000
0.488 1.103 0.000
0.488 1.180 0.000
0.488 1.258 0.000
0.488 1.335 0.000
0.488 1.412 0.000
0.488 1.490 0.000
0.488 1.567 0.000
0.488 1.644 0.000
0.488 1.722 0.000
0.488 1.799 0.000
0.488 1.877 0.000
0.488 1.954 0.000
0.488 2.031 0.000
0.488 2.109 0.000
0.488 2.186 0.000
0.488 2.263 0.000
0.488 2.341 0.000
0.488 2.418 0.000
0.488 2.496 0.000
0.488 2.573 0.000
0.488 2.650 0.000
0.488 2.728 0.000
0.488 2.805 0.000
0.488 2.882 0.000
0.488 2.960 0.000
0.488 3.037 0.000
0.488 3.114 0.000
0.488 3.192 0.000
0.488 3.269 0.000
0.488 3.347 0.000
0.488 3.424 0.000
0.488 3.501 0.000
0.488 3.579 0.000
0.488 3.656 0.000
0.562 0.639 0.000
0.562 0.716 0.000
0.562 0.793 0.000
0.562 0.871 0.000
0.562 0.948 0.000
0.562 1.026 0.000
0.562 1.103 0.000
0.562 1.180 0.000
0.562 1.258 0.000
0.562 1.335 0.000
0.562 1.412 0.000
0.562 1.490 0.000
0.562 1.567 0.000
0.562 1.644 0.000
0.562 1.722 0.000
0.562 1.799 0.000
0.562 1.877 0.000
0.562 1.954 0.000
0.562 2.031 0.000
0.562 2.109 0.000
0.562 2.186 0.000
0.562 2.263 0.000
0.562 2.341 0.000
0.562 2.418 0.000
0.562 2.496 0.000
0.562 2.573 0.000
0.562 2.650 0.000
0.562 2.728 0.000
0.562 2.805 0.000
0.562 2.882 0.000
0.562 2.960 0.000
0.562 3.037 0.000
0.562 3.114 0.000
0.562 3.192 0.000
0.562 3.269 0.000
0.562 3.347 0.000
0.562 3.424 0.000
0.562 3.501 0.000
0.562 3.579 0.000
0.562 3.656 0.000
0.637 0.639 0.000
0.637 0.716 0.000
0.637 0.793 0.000
0.637 0.871 0.000
0.637 0.948 0.000
0.637 1.026 0.000
0.637 1.103 0.000
0.637 1.180 0.000
0.637 1.258 0.000
0.637 1.335 0.000
0.637 1.412 0.000
0.637 1.490 0.000
0.637 1.567 0.000
0.637 1.644 0.000
0.637 1.722 0.000
0.637 1.799 0.000
0.637 1.877 0.000
0.637 1.954 0.000
0.637 2.031 0.000
0.637 2.109 0.000
0.637 2.186 0.000
0.637 2.263 0.000
0.637 2.341 0.000
0.637 2.418 0.000
0.637 2.496 0.000
0.637 2.573 0.000
0.637 2.650 0.000
0.637 2.728 0.000
0.637 2.805 0.000
0.637 2.882 0.000
0.637 2.960 0.000
0.637 3.037 0.000
0.637 3.114 0.000
0.637 3.192 0.000
0.637 3.269 0.000
0.637 3.347 0.000
0.637 3.424 0.000
0.637 3.501 0.000
0.637 3.579 0.000
0.637 3.656 0.000
0.712 0.639 0.000
0.712 0.716 0.000
0.712 0.793 0.000
0.712 0.871 0.000
0.712 0.948 0.000
0.712 1.026 0.000
0.712 1.103 0.000
0.712 1.180 0.000
0.712 1.258 0.000
0.712 1.335 0.000
0.712 1.412 0.000
0.712 1.490 0.000
0.712 1.567 0.000
0.712 1.644 0.000
0.712 1.722 0.000
0.712 1.799 0.000
0.712 1.877 0.000
0.712 1.954 0.000
0.712 2.031 0.000
0.712 2.109 0.000
0.712 2.186 0.000
0.712 2.263 0.000
0.712 2.341 0.000
0.712 2.418 0.000
0.712 2.496 0.000
0.712 2.573 0.000
0.712 2.650 0.000
0.712 2.728 0.000
0.712 2.805 0.000
0.712 2.882 0.000
0.712 2.960 0.000
0.712 3.037 0.000
0.712 3.114 0.000
0.712 3.192 0.000
0.712 3.269 0.000
0.712 3.347 0.000
0.712 3.424 0.000
0.712 3.501 0.000
0.712 3.579 0.000
0.712 3.656 0.000
0.787 0.639 0.000
0.787 0.716 0.000
0.787 0.793 0.000
0.787 0.871 0.000
0.787 0.948 0.000
0.787 1.026 0.000
0.787 1.103 0.000
0.787 1.180 0.000
0.787 1.258 0.000
0.787 1.335 0.000
0.787 1.412 0.000
0.787 1.490 0.000
0.787 1.567 0.000
0.787 1.644 0.000
0.787 1.722 0.000
0.787 1.799 0.000
0.787 1.877 0.000
0.787 1.954 0.000
0.787 2.031 0.000
0.787 2.109 0.000
0.787 2.186 0.000
0.787 2.263 0.000
0.787 2.341 0.000
0.787 2.418 0.000
0.787 2.496 0.000
0.787 2.573 0.000
0.787 2.650 0.000
0.787 2.728 0.000
0.787 2.805 0.000
0.787 2.882 0.000
0.787 2.960 0.000
0.787 3.037 0.000
0.787 3.114 0.000
0.787 3.192 0.000
0.787 3.269 0.000
0.787 3.347 0.000
0.787 3.424 0.000
0.787 3.501 0.000
0.787 3.579 0.000
0.787 3.656 0.000
0.862 0.639 0.000
0.862 0.716 0.000
0.862 0.793 0.000
0.862 0.871 0.000
0.862 0.948 0.000
0.862 1.026 0.000
0.862 1.103 0.000
0.862 1.180 0.000
0.862 1.258 0.000
0.862 1.335 0.000
0.862 1.412 0.000
0.862 1.490 0.000
0.862 1.567 0.000
0.862 1.644 0.000
0.862 1.722 0.000
0.862 1.799 0.000
0.862 1.877 0.000
0.862 1.954 0.000
0.862 2.031 0.000
0.862 2.109 0.000
0.862 2.186 0.000
0.862 2.263 0.000
0.862 2.341 0.000
0.862 2.418 0.000
0.862 2.496 0.000
0.862 2.573 0.000
0.862 2.650 0.000
0.862 2.728 0.000
0.862 2.805 0.000
0.862 2.882 0.000
0.862 2.960 0.000
0.862 3.037 0.000
0.862 3.114 0.000
0.862 3.192 0.000
0.862 3.269 0.000
0.862 3.347 0.000
0.862 3.424 0.000
0.862 3.501 0.000
0.862 3.579 0.000
0.862 3.656 0.000
0.937 0.639 0.000
0.937 0.716 0.000
0.937 0.793 0.000
0.937 0.871 0.000
0.937 0.948 0.000
0.937 1.026 0.000
0.937 1.103 0.000
0.937 1.180 0.000
0.937 1.258 0.000
0.937 1.335 0.000
0.937 1.412 0.000
0.937 1.490 0.000
0.937 1.567 0.000
0.937 1.644 0.000
0.937 1.722 0.000
0.937 1.799 0.000
0.937 1.877 0.000
0.937 1.954 0.000
0.937 2.031 0.000
0.937 2.109 0.000
0.937 2.186 0.000
0.937 2.263 0.000
0.937 2.341 0.000
0.937 2.418 0.000
0.937 2.496 0.000
0.937 2.573 0.000
0.937 2.650 0.000
0.937 2.728 0.000
0.937 2.805 0.000
0.937 2.882 0.000
0.937 2.960 0.000
0.937 3.037 0.000
0.937 3.114 0.000
0.937 3.192 0.000
0.937 3.269 0.000
0.937 3.347 0.000
0.937 3.424 0.000
0.937 3.501 0.000
0.937 3.579 0.000
0.937 3.656 0.000
1.012 0.639 0.000
1.012 0.716 0.000
1.012 0.793 0.000
1.012 0.871 0.000
1.012 0.948 0.000
1.012 1.026 0.000
1.012 1.103 0.000
1.012 1.180 0.000
1.012 1.258 0.000
1.012 1.335 0.000
1.012 1.412 0.000
1.012 1.490 0.000
1.012 1.567 0.000
1.012 1.644 0.000
1.012 1.722 0.000
1.012 1.799 0.000
1.012 1.877 0.000
1.012 1.954 0.000
1.012 2.031 0.000
1.012 2.109 0.000
1.012 2.186 0.000
1.012 2.263 0.000
1.012 2.341 0.000
1.012 2.418 0.000
1.012 2.496 0.000
1.012 2.573 0.000
1.012 2.650 0.000
1.012 2.728 0.000
1.012 2.805 0.000
1.012 2.882 0.000
1.012 2.960 0.000
1.012 3.037 0.000
1.012 3.114 0.000
1.012 3.192 0.000
1.012 3.269 0.000
1.012 3.347 0.000
1.012 3.424 0.000
1.012 3.501 0.000
1.012 3.579 0.000
1.012 3.656 0.000
1.087 0.639 0.000
1.087 0.716 0.000
1.087 0.793 0.000
1.087 0.871 0.000
1.087 0.948 0.000
1.087 1.026 0.000
1.087 1.103 0.000
1.087 1.180 0.000
1.087 1.258 0.000
1.087 1.335 0.000
1.087 1.412 0.000
1.087 1.490 0.000
1.087 1.567 0.000
1.087 1.644 0.000
1.087 1.722 0.000
1.087 1.799 0.000
1.087 1.877 0.000
1.087 1.954 0.000
1.087 2.031 0.000
1.087 2.109 0.000
1.087 2.186 0.000
1.087 2.263 0.000
1.087 2.341 0.000
1.087 2.418 0.000
1.087 2.496 0.000
1.087 2.573 0.000
1.087 2.650 0.000
1.087 2.728 0.000
1.087 2.805 0.000
1.087 2.882 0.000
1.087 2.960 0.000
1.087 3.037 0.000
1.087 3.114 0.000
1.087 3.192 0.000
1.087 3.269 0.000
1.087 3.347 0.000
1.087 3.424 0.000
1.087 3.501 0.000
1.087 3.579 0.000
1.087 3.656 0.000
1.162 0.639 0.000
1.162 0.716 0.000
1.162 0.793 0.000
1.162 0.871 0.000
1.162 0.948 0.000
1.162 1.026 0.000
1.162 1.103 0.000
1.162 1.180 0.000
1.162 1.258 0.000
1.162 1.335 0.000
1.162 1.412 0.000
1.162 1.490 0.000
1.162 1.567 0.000
1.162 1.644 0.000
1.162 1.722 0.000
1.162 1.799 0.000
1.162 1.877 0.000
1.162 1.954 0.000
1.162 2.031 0.000
1.162 2.109 0.000
1.162 2.186 0.000
1.162 2.263 0.000
1.162 2.341 0.000
1.162 2.418 0.000
1.162 2.496 0.000
1.162 2.573 0.000
1.162 2.650 0.000
1.162 2.728 0.000
1.162 2.805 0.000
1.162 2.882 0.000
1.162 2.960 0.000
1.162 3.037 0.000
1.162 3.114 0.000
1.162 3.192 0.000
1.162 3.269 0.000
1.162 3.347 0.000
1.162 3.424 0.000
1.162 3.501 0.000
1.162 3.579 0.000
1.162 3.656 0.000
