0.075 0.677 0.000
0.075 0.832 0.000
0.075 0.987 0.000
0.075 1.142 0.000
0.075 1.296 0.000
0.075 1.451 0.000
0.075 1.606 0.000
0.075 1.761 0.000
0.075 1.915 0.000
0.075 2.070 0.000
0.075 2.225 0.000
0.075 2.379 0.000
0.075 2.534 0.000
0.075 2.689 0.000
0.075 2.844 0.000
0.075 2.998 0.000
0.075 3.153 0.000
0.075 3.308 0.000
0.075 3.463 0.000
0.075 3.617 0.000
0.225 0.677 0.000
0.225 0.832 0.000
0.225 0.987 0.000
0.225 1.142 0.000
0.225 1.296 0.000
0.225 1.451 0.000
0.225 1.606 0.000
0.225 1.761 0.000
0.225 1.915 0.000
0.225 2.070 0.000
0.225 2.225 0.000
0.225 2.379 0.000
0.225 2.534 0.000
0.225 2.689 0.000
0.225 2.844 0.000
0.225 2.998 0.000
0.225 3.153 0.000
0.225 3.308 0.000
0.225 3.463 0.000
0.225 3.617 0.000
0.375 0.677 0.000
0.375 0.832 0.000
0.375 0.987 0.000
0.375 1.142 0.000
0.375 1.296 0.000
0.375 1.451 0.000
0.375 1.606 0.000
0.375 1.761 0.000
0.375 1.915 0.000
0.375 2.070 0.000
0.375 2.225 0.000
0.375 2.379 0.000
0.375 2.534 0.000
0.375 2.689 0.000
0.375 2.844 0.000
0.375 2.998 0.000
0.375 3.153 0.000
0.375 3.308 0.000
0.375 3.463 0.000
0.375 3.617 0.000
0.525 0.677 0.000
0.525 0.832 0.000
0.525 0.987 0.000
0.525 1.142 0.000
0.525 1.296 0.000
0.525 1.451 0.000
0.525 1.606 0.000
0.525 1.761 0.000
0.525 1.915 0.000
0.525 2.070 0.000
0.525 2.225 0.000
0.525 2.379 0.000
0.525 2.534 0.000
0.525 2.689 0.000
0.525 2.844 0.000
0.525 2.998 0.000
0.525 3.153 0.000
0.525 3.308 0.000
0.525 3.463 0.000
0.525 3.617 0.000
0.675 0.677 0.000
0.675 0.832 0.000
0.675 0.987 0.000
0.675 1.142 0.000
0.675 1.296 0.000
0.675 1.451 0.000
0.675 1.606 0.000
0.675 1.761 0.000
0.675 1.915 0.000
0.675 2.070 0.000
0.675 2.225 0.000
0.675 2.379 0.000
0.675 2.534 0.000
0.675 2.689 0.000
0.675 2.844 0.000
0.675 2.998 0.000
0.675 3.153 0.000
0.675 3.308 0.000
0.675 3.463 0.000
0.675 3.617 0.000
0.825 0.677 0.000
0.825 0.832 0.000
0.825 0.987 0.000
0.825 1.142 0.000
0.825 1.296 0.000
0.825 1.451 0.000
0.825 1.606 0.000
0.825 1.761 0.000
0.825 1.915 0.000
0.825 2.070 0.000
0.825 2.225 0.000
0.825 2.379 0.000
0.825 2.534 0.000
0.825 2.689 0.000
0.825 2.844 0.000
0.825 2.998 0.000
0.825 3.153 0.000
0.825 3.308 0.000
0.825 3.463 0.000
0.825 3.617 0.000
0.975 0.677 0.000
0.975 0.832 0.000
0.975 0.987 0.000
0.975 1.142 0.000
0.975 1.296 0.000
0.975 1.451 0.000
0.975 1.606 0.000
0.975 1.761 0.000
0.975 1.915 0.000
0.975 2.070 0.000
0.975 2.225 0.000
0.975 2.379 0.000
0.975 2.534 0.000
0.975 2.689 0.000
0.975 2.844 0.000
0.975 2.998 0.000
0.975 3.153 0.000
0.975 3.308 0.000
0.975 3.463 0.000
0.975 3.617 0.000
1.125 0.677 0.000
1.125 0.832 0.000
1.125 0.987 0.000
1.125 1.142 0.000
1.125 1.296 0.000
1.125 1.451 0.000
1.125 1.606 0.000
1.125 1.761 0.000
1.125 1.915 0.000
1.125 2.070 0.000
1.125 2.225 0.000
1.125 2.379 0.000
1.125 2.534 0.000
1.125 2.689 0.000
1.125 2.844 0.000
1.125 2.998 0.000
1.125 3.153 0.000
1.125 3.308 0.000
1.125 3.463 0.000
1.125 3.617 0.000
