0.234270004 0.01503 2.864
0.286329987 0.01503 2.864
0.338390015 0.01503 2.864
0.390450012 0.01503 2.864
0.260299988 0.030059999 2.864
0.312359985 0.030059999 2.864
0.364420013 0.030059999 2.864
0.260299988 0.060110001 2.864
0.312359985 0.060110001 2.864
0.364420013 0.060110001 2.864
0.234270004 0.075139999 2.864
0.286329987 0.075139999 2.864
0.338390015 0.075139999 2.864
0.390450012 0.075139999 2.864
0.234270004 0.105199997 2.864
0.286329987 0.105199997 2.864
0.338390015 0.105199997 2.864
0.390450012 0.105199997 2.864
0.208240005 0.120230003 2.864
0.260299988 0.120230003 2.864
0.312359985 0.120230003 2.864
0.364420013 0.120230003 2.864
0.208240005 0.150279999 2.864
0.260299988 0.150279999 2.864
0.312359985 0.150279999 2.864
0.364420013 0.150279999 2.864
0.182210007 0.165309998 2.864
0.234270004 0.165309998 2.864
0.286329987 0.165309998 2.864
0.338390015 0.165309998 2.864
0.390450012 0.165309998 2.864
0.130149994 0.195369995 2.864
0.182210007 0.195369995 2.864
0.234270004 0.195369995 2.864
0.286329987 0.195369995 2.864
0.338390015 0.195369995 2.864
0.104120003 0.210399994 2.864
0.156179993 0.210399994 2.864
0.208240005 0.210399994 2.864
0.260299988 0.210399994 2.864
0.312359985 0.210399994 2.864
0.052060001 0.240449997 2.864
0.104120003 0.240449997 2.864
0.156179993 0.240449997 2.864
0.208240005 0.240449997 2.864
0.260299988 0.240449997 2.864
0.312359985 0.240449997 2.864
0.026030001 0.255479996 2.864
0.078089996 0.255479996 2.864
0.130149994 0.255479996 2.864
0.182210007 0.255479996 2.864
0.234270004 0.255479996 2.864
0.286329987 0.255479996 2.864
0.338390015 0.255479996 2.864
0.026030001 0.285540009 2.864
0.078089996 0.285540009 2.864
0.130149994 0.285540009 2.864
0.182210007 0.285540009 2.864
0.234270004 0.285540009 2.864
0.286329987 0.285540009 2.864
0.052060001 0.300570007 2.864
0.104120003 0.300570007 2.864
0.156179993 0.300570007 2.864
0.208240005 0.300570007 2.864
0.260299988 0.300570007 2.864
0.052060001 0.330619995 2.864
0.104120003 0.330619995 2.864
0.156179993 0.330619995 2.864
0.208240005 0.330619995 2.864
0.026030001 0.345649994 2.864
0.078089996 0.345649994 2.864
0.130149994 0.345649994 2.864
0.182210007 0.345649994 2.864
0.026030001 0.375709991 2.864
0.078089996 0.375709991 2.864
0.130149994 0.375709991 2.864
0.052060001 0.39073999 2.864
0.104120003 0.39073999 2.864
0.052060001 0.420790009 2.864
-0.234270004 0.01503 2.864
-0.286329987 0.01503 2.864
-0.338390015 0.01503 2.864
-0.390450012 0.01503 2.864
-0.260299988 0.030059999 2.864
-0.312359985 0.030059999 2.864
-0.364420013 0.030059999 2.864
-0.260299988 0.060110001 2.864
-0.312359985 0.060110001 2.864
-0.364420013 0.060110001 2.864
-0.234270004 0.075139999 2.864
-0.286329987 0.075139999 2.864
-0.338390015 0.075139999 2.864
-0.390450012 0.075139999 2.864
-0.234270004 0.105199997 2.864
-0.286329987 0.105199997 2.864
-0.338390015 0.105199997 2.864
-0.390450012 0.105199997 2.864
-0.208240005 0.120230003 2.864
-0.260299988 0.120230003 2.864
-0.312359985 0.120230003 2.864
-0.364420013 0.120230003 2.864
-0.208240005 0.150279999 2.864
-0.260299988 0.150279999 2.864
-0.312359985 0.150279999 2.864
-0.364420013 0.150279999 2.864
-0.182210007 0.165309998 2.864
-0.234270004 0.165309998 2.864
-0.286329987 0.165309998 2.864
-0.338390015 0.165309998 2.864
-0.390450012 0.165309998 2.864
-0.130149994 0.195369995 2.864
-0.182210007 0.195369995 2.864
-0.234270004 0.195369995 2.864
-0.286329987 0.195369995 2.864
-0.338390015 0.195369995 2.864
-0.104120003 0.210399994 2.864
-0.156179993 0.210399994 2.864
-0.208240005 0.210399994 2.864
-0.260299988 0.210399994 2.864
-0.312359985 0.210399994 2.864
-0.052060001 0.240449997 2.864
-0.104120003 0.240449997 2.864
-0.156179993 0.240449997 2.864
-0.208240005 0.240449997 2.864
-0.260299988 0.240449997 2.864
-0.312359985 0.240449997 2.864
-0.026030001 0.255479996 2.864
-0.078089996 0.255479996 2.864
-0.130149994 0.255479996 2.864
-0.182210007 0.255479996 2.864
-0.234270004 0.255479996 2.864
-0.286329987 0.255479996 2.864
-0.338390015 0.255479996 2.864
-0.026030001 0.285540009 2.864
-0.078089996 0.285540009 2.864
-0.130149994 0.285540009 2.864
-0.182210007 0.285540009 2.864
-0.234270004 0.285540009 2.864
-0.286329987 0.285540009 2.864
-0.052060001 0.300570007 2.864
-0.104120003 0.300570007 2.864
-0.156179993 0.300570007 2.864
-0.208240005 0.300570007 2.864
-0.260299988 0.300570007 2.864
-0.052060001 0.330619995 2.864
-0.104120003 0.330619995 2.864
-0.156179993 0.330619995 2.864
-0.208240005 0.330619995 2.864
-0.026030001 0.345649994 2.864
-0.078089996 0.345649994 2.864
-0.130149994 0.345649994 2.864
-0.182210007 0.345649994 2.864
-0.026030001 0.375709991 2.864
-0.078089996 0.375709991 2.864
-0.130149994 0.375709991 2.864
-0.052060001 0.39073999 2.864
-0.104120003 0.39073999 2.864
-0.052060001 0.420790009 2.864
0.234270004 -0.01503 2.864
0.286329987 -0.01503 2.864
0.338390015 -0.01503 2.864
0.390450012 -0.01503 2.864
0.260299988 -0.030059999 2.864
0.312359985 -0.030059999 2.864
0.364420013 -0.030059999 2.864
0.260299988 -0.060110001 2.864
0.312359985 -0.060110001 2.864
0.364420013 -0.060110001 2.864
0.234270004 -0.075139999 2.864
0.286329987 -0.075139999 2.864
0.338390015 -0.075139999 2.864
0.390450012 -0.075139999 2.864
0.234270004 -0.105199997 2.864
0.286329987 -0.105199997 2.864
0.338390015 -0.105199997 2.864
0.390450012 -0.105199997 2.864
0.208240005 -0.120230003 2.864
0.260299988 -0.120230003 2.864
0.312359985 -0.120230003 2.864
0.364420013 -0.120230003 2.864
0.208240005 -0.150279999 2.864
0.260299988 -0.150279999 2.864
0.312359985 -0.150279999 2.864
0.364420013 -0.150279999 2.864
0.182210007 -0.165309998 2.864
0.234270004 -0.165309998 2.864
0.286329987 -0.165309998 2.864
0.338390015 -0.165309998 2.864
0.390450012 -0.165309998 2.864
0.130149994 -0.195369995 2.864
0.182210007 -0.195369995 2.864
0.234270004 -0.195369995 2.864
0.286329987 -0.195369995 2.864
0.338390015 -0.195369995 2.864
0.104120003 -0.210399994 2.864
0.156179993 -0.210399994 2.864
0.208240005 -0.210399994 2.864
0.260299988 -0.210399994 2.864
0.312359985 -0.210399994 2.864
0.052060001 -0.240449997 2.864
0.104120003 -0.240449997 2.864
0.156179993 -0.240449997 2.864
0.208240005 -0.240449997 2.864
0.260299988 -0.240449997 2.864
0.312359985 -0.240449997 2.864
0.026030001 -0.255479996 2.864
0.078089996 -0.255479996 2.864
0.130149994 -0.255479996 2.864
0.182210007 -0.255479996 2.864
0.234270004 -0.255479996 2.864
0.286329987 -0.255479996 2.864
0.338390015 -0.255479996 2.864
0.026030001 -0.285540009 2.864
0.078089996 -0.285540009 2.864
0.130149994 -0.285540009 2.864
0.182210007 -0.285540009 2.864
0.234270004 -0.285540009 2.864
0.286329987 -0.285540009 2.864
0.052060001 -0.300570007 2.864
0.104120003 -0.300570007 2.864
0.156179993 -0.300570007 2.864
0.208240005 -0.300570007 2.864
0.260299988 -0.300570007 2.864
0.052060001 -0.330619995 2.864
0.104120003 -0.330619995 2.864
0.156179993 -0.330619995 2.864
0.208240005 -0.330619995 2.864
0.026030001 -0.345649994 2.864
0.078089996 -0.345649994 2.864
0.130149994 -0.345649994 2.864
0.182210007 -0.345649994 2.864
0.026030001 -0.375709991 2.864
0.078089996 -0.375709991 2.864
0.130149994 -0.375709991 2.864
0.052060001 -0.39073999 2.864
0.104120003 -0.39073999 2.864
0.052060001 -0.420790009 2.864
-0.234270004 -0.01503 2.864
-0.286329987 -0.01503 2.864
-0.338390015 -0.01503 2.864
-0.390450012 -0.01503 2.864
-0.260299988 -0.030059999 2.864
-0.312359985 -0.030059999 2.864
-0.364420013 -0.030059999 2.864
-0.260299988 -0.060110001 2.864
-0.312359985 -0.060110001 2.864
-0.364420013 -0.060110001 2.864
-0.234270004 -0.075139999 2.864
-0.286329987 -0.075139999 2.864
-0.338390015 -0.075139999 2.864
-0.390450012 -0.075139999 2.864
-0.234270004 -0.105199997 2.864
-0.286329987 -0.105199997 2.864
-0.338390015 -0.105199997 2.864
-0.390450012 -0.105199997 2.864
-0.208240005 -0.120230003 2.864
-0.260299988 -0.120230003 2.864
-0.312359985 -0.120230003 2.864
-0.364420013 -0.120230003 2.864
-0.208240005 -0.150279999 2.864
-0.260299988 -0.150279999 2.864
-0.312359985 -0.150279999 2.864
-0.364420013 -0.150279999 2.864
-0.182210007 -0.165309998 2.864
-0.234270004 -0.165309998 2.864
-0.286329987 -0.165309998 2.864
-0.338390015 -0.165309998 2.864
-0.390450012 -0.165309998 2.864
-0.130149994 -0.195369995 2.864
-0.182210007 -0.195369995 2.864
-0.234270004 -0.195369995 2.864
-0.286329987 -0.195369995 2.864
-0.338390015 -0.195369995 2.864
-0.104120003 -0.210399994 2.864
-0.156179993 -0.210399994 2.864
-0.208240005 -0.210399994 2.864
-0.260299988 -0.210399994 2.864
-0.312359985 -0.210399994 2.864
-0.052060001 -0.240449997 2.864
-0.104120003 -0.240449997 2.864
-0.156179993 -0.240449997 2.864
-0.208240005 -0.240449997 2.864
-0.260299988 -0.240449997 2.864
-0.312359985 -0.240449997 2.864
-0.026030001 -0.255479996 2.864
-0.078089996 -0.255479996 2.864
-0.130149994 -0.255479996 2.864
-0.182210007 -0.255479996 2.864
-0.234270004 -0.255479996 2.864
-0.286329987 -0.255479996 2.864
-0.338390015 -0.255479996 2.864
-0.026030001 -0.285540009 2.864
-0.078089996 -0.285540009 2.864
-0.130149994 -0.285540009 2.864
-0.182210007 -0.285540009 2.864
-0.234270004 -0.285540009 2.864
-0.286329987 -0.285540009 2.864
-0.052060001 -0.300570007 2.864
-0.104120003 -0.300570007 2.864
-0.156179993 -0.300570007 2.864
-0.208240005 -0.300570007 2.864
-0.260299988 -0.300570007 2.864
-0.052060001 -0.330619995 2.864
-0.104120003 -0.330619995 2.864
-0.156179993 -0.330619995 2.864
-0.208240005 -0.330619995 2.864
-0.026030001 -0.345649994 2.864
-0.078089996 -0.345649994 2.864
-0.130149994 -0.345649994 2.864
-0.182210007 -0.345649994 2.864
-0.026030001 -0.375709991 2.864
-0.078089996 -0.375709991 2.864
-0.130149994 -0.375709991 2.864
-0.052060001 -0.39073999 2.864
-0.104120003 -0.39073999 2.864
-0.052060001 -0.420790009 2.864
0.0 0.240449997 2.864
0.0 0.300570007 2.864
0.0 0.330619995 2.864
0.0 0.39073999 2.864
0.0 -0.240449997 2.864
0.0 -0.300570007 2.864
0.0 -0.330619995 2.864
0.0 -0.39073999 2.864
0.208240005 0.030059999 2.864
0.416480011 0.030059999 2.864
0.208240005 0.060110001 2.864
0.416480011 0.060110001 2.864
0.182210007 0.105199997 2.864
0.416480011 0.120230003 2.864
0.15617993 0.150279999 2.864
0.416480011 0.150279999 2.864
0.130149994 0.165309998 2.864
0.078089996 0.195369995 2.864
0.390450012 0.195369995 2.864
0.052060001 0.210399994 2.864
0.364420013 0.210399994 2.864
0.364420013 0.240449997 2.864
0.338390015 0.285540009 2.864
0.312359985 0.300570007 2.864
0.260299988 0.330619995 2.864
0.234270004 0.345649994 2.864
0.182210007 0.375709991 2.864
0.156179993 0.39073999 2.864
0.104120003 0.420790009 2.864
0.026030001 0.435820007 2.864
0.078089996 0.435820007 2.864
-0.208240005 0.030059999 2.864
-0.416480011 0.030059999 2.864
-0.208240005 0.060110001 2.864
-0.416480011 0.060110001 2.864
-0.182210007 0.105199997 2.864
-0.416480011 0.120230003 2.864
-0.15617993 0.150279999 2.864
-0.416480011 0.150279999 2.864
-0.130149994 0.165309998 2.864
-0.078089996 0.195369995 2.864
-0.390450012 0.195369995 2.864
-0.052060001 0.210399994 2.864
-0.364420013 0.210399994 2.864
-0.364420013 0.240449997 2.864
-0.338390015 0.285540009 2.864
-0.312359985 0.300570007 2.864
-0.260299988 0.330619995 2.864
-0.234270004 0.345649994 2.864
-0.182210007 0.375709991 2.864
-0.156179993 0.39073999 2.864
-0.104120003 0.420790009 2.864
-0.026030001 0.435820007 2.864
-0.078089996 0.435820007 2.864
0.208240005 -0.030059999 2.864
0.416480011 -0.030059999 2.864
0.208240005 -0.060110001 2.864
0.416480011 -0.060110001 2.864
0.182210007 -0.105199997 2.864
0.416480011 -0.120230003 2.864
0.15617993 -0.150279999 2.864
0.416480011 -0.150279999 2.864
0.130149994 -0.165309998 2.864
0.078089996 -0.195369995 2.864
0.390450012 -0.195369995 2.864
0.052060001 -0.210399994 2.864
0.364420013 -0.210399994 2.864
0.364420013 -0.240449997 2.864
0.338390015 -0.285540009 2.864
0.312359985 -0.300570007 2.864
0.260299988 -0.330619995 2.864
0.234270004 -0.345649994 2.864
0.182210007 -0.375709991 2.864
0.156179993 -0.39073999 2.864
0.104120003 -0.420790009 2.864
0.026030001 -0.435820007 2.864
0.078089996 -0.435820007 2.864
-0.208240005 -0.030059999 2.864
-0.416480011 -0.030059999 2.864
-0.208240005 -0.060110001 2.864
-0.416480011 -0.060110001 2.864
-0.182210007 -0.105199997 2.864
-0.416480011 -0.120230003 2.864
-0.15617993 -0.150279999 2.864
-0.416480011 -0.150279999 2.864
-0.130149994 -0.165309998 2.864
-0.078089996 -0.195369995 2.864
-0.390450012 -0.195369995 2.864
-0.052060001 -0.210399994 2.864
-0.364420013 -0.210399994 2.864
-0.364420013 -0.240449997 2.864
-0.338390015 -0.285540009 2.864
-0.312359985 -0.300570007 2.864
-0.260299988 -0.330619995 2.864
-0.234270004 -0.345649994 2.864
-0.182210007 -0.375709991 2.864
-0.156179993 -0.39073999 2.864
-0.104120003 -0.420790009 2.864
-0.026030001 -0.435820007 2.864
-0.078089996 -0.435820007 2.864
0.0 0.21039999 2.864
0.0 0.42079001 2.864
0.0 -0.21039999 2.864
0.0 -0.42079001 2.864
0.182210007 0.01503 2.864
0.446540009 0.01503 2.864
0.182210007 0.075139999 2.864
0.446540009 0.075139999 2.864
0.446540009 0.105199997 2.864
0.156179993 0.120230003 2.864
0.104120003 0.150279999 2.864
0.078089996 0.165309998 2.864
0.446540009 0.165309998 2.864
0.026030001 0.195369995 2.864
0.446540009 0.195369995 2.864
0.416480011 0.210399994 2.864
0.390450012 0.255479996 2.864
0.390450012 0.285540009 2.864
0.364420013 0.300570007 2.864
0.312359985 0.330619995 2.864
0.286329987 0.345649994 2.864
0.234270004 0.375709991 2.864
0.208240005 0.39073999 2.864
0.156179993 0.420790009 2.864
0.130149994 0.435820007 2.864
0.026030001 0.465880005 2.864
0.078089996 0.465880005 2.864
0.052060001 0.480910004 2.864
-0.182210007 0.01503 2.864
-0.446540009 0.01503 2.864
-0.182210007 0.075139999 2.864
-0.446540009 0.075139999 2.864
-0.446540009 0.105199997 2.864
-0.156179993 0.120230003 2.864
-0.104120003 0.150279999 2.864
-0.078089996 0.165309998 2.864
-0.446540009 0.165309998 2.864
-0.026030001 0.195369995 2.864
-0.446540009 0.195369995 2.864
-0.416480011 0.210399994 2.864
-0.390450012 0.255479996 2.864
-0.390450012 0.285540009 2.864
-0.364420013 0.300570007 2.864
-0.312359985 0.330619995 2.864
-0.286329987 0.345649994 2.864
-0.234270004 0.375709991 2.864
-0.208240005 0.39073999 2.864
-0.156179993 0.420790009 2.864
-0.130149994 0.435820007 2.864
-0.026030001 0.465880005 2.864
-0.078089996 0.465880005 2.864
-0.052060001 0.480910004 2.864
0.182210007 -0.01503 2.864
0.446540009 -0.01503 2.864
0.182210007 -0.075139999 2.864
0.446540009 -0.075139999 2.864
0.446540009 -0.105199997 2.864
0.156179993 -0.120230003 2.864
0.104120003 -0.150279999 2.864
0.078089996 -0.165309998 2.864
0.446540009 -0.165309998 2.864
0.026030001 -0.195369995 2.864
0.446540009 -0.195369995 2.864
0.416480011 -0.210399994 2.864
0.390450012 -0.255479996 2.864
0.390450012 -0.285540009 2.864
0.364420013 -0.300570007 2.864
0.312359985 -0.330619995 2.864
0.286329987 -0.345649994 2.864
0.234270004 -0.375709991 2.864
0.208240005 -0.39073999 2.864
0.156179993 -0.420790009 2.864
0.130149994 -0.435820007 2.864
0.026030001 -0.465880005 2.864
0.078089996 -0.465880005 2.864
0.052060001 -0.480910004 2.864
-0.182210007 -0.01503 2.864
-0.446540009 -0.01503 2.864
-0.182210007 -0.075139999 2.864
-0.446540009 -0.075139999 2.864
-0.446540009 -0.105199997 2.864
-0.156179993 -0.120230003 2.864
-0.104120003 -0.150279999 2.864
-0.078089996 -0.165309998 2.864
-0.446540009 -0.165309998 2.864
-0.026030001 -0.195369995 2.864
-0.446540009 -0.195369995 2.864
-0.416480011 -0.210399994 2.864
-0.390450012 -0.255479996 2.864
-0.390450012 -0.285540009 2.864
-0.364420013 -0.300570007 2.864
-0.312359985 -0.330619995 2.864
-0.286329987 -0.345649994 2.864
-0.234270004 -0.375709991 2.864
-0.208240005 -0.39073999 2.864
-0.156179993 -0.420790009 2.864
-0.130149994 -0.435820007 2.864
-0.026030001 -0.465880005 2.864
-0.078089996 -0.465880005 2.864
-0.052060001 -0.480910004 2.864
0.52073999 0.060110001 2.864
0.52073999 0.150279999 2.864
0.52073999 0.240449997 2.864
0.446540009 0.345649994 2.864
0.364420013 0.39073999 2.864
0.286329987 0.435820007 2.864
0.208240005 0.480910004 2.864
0.130149994 0.52598999 2.864
0.052060001 0.571080017 2.864
-0.078089996 0.551511169 2.864
-0.156179993 0.511128204 2.864
-0.234270004 0.466042908 2.864
-0.312359985 0.420957642 2.864
-0.390450012 0.375872345 2.864
-0.468690002 0.33070047 2.864
-0.52073999 0.210399994 2.864
-0.52073999 0.120230003 2.864
-0.52073999 0.030059999 2.864
-0.52073999 -0.060110001 2.864
-0.52073999 -0.150279999 2.864
-0.52073999 -0.240449997 2.864
-0.446540009 -0.345649994 2.864
-0.364420013 -0.39073999 2.864
-0.286329987 -0.435820007 2.864
-0.208240005 -0.480910004 2.864
-0.130149994 -0.52598999 2.864
-0.052060001 -0.571080017 2.864
0.078089996 -0.556213501 2.864
0.156179993 -0.511128204 2.864
0.234270004 -0.466042908 2.864
0.312359985 -0.420957642 2.864
0.39292215 -0.383480804 2.864
0.468690002 -0.33070047 2.864
0.52073999 -0.210399994 2.864
0.52073999 -0.120230003 2.864
0.52073999 -0.030059999 2.864
0.0 0.120230003 2.864
0.104120003 0.060110001 2.864
0.104120003 -0.060110001 2.864
0.0 -0.120230003 2.864
-0.104120003 -0.060110001 2.864
-0.104120003 0.060110001 2.864