0.52073999 0.060110001 2.864
0.52073999 0.150279999 2.864
0.52073999 0.240449997 2.864
0.446540009 0.345649994 2.864
0.364420013 0.39073999 2.864
0.286329987 0.435820007 2.864
0.208240005 0.480910004 2.864
0.130149994 0.52598999 2.864
0.052060001 0.571080017 2.864
-0.078089996 0.551511169 2.864
-0.156179993 0.511128204 2.864
-0.234270004 0.466042908 2.864
-0.312359985 0.420957642 2.864
-0.390450012 0.375872345 2.864
-0.468690002 0.33070047 2.864
-0.52073999 0.210399994 2.864
-0.52073999 0.120230003 2.864
-0.52073999 0.030059999 2.864
-0.52073999 -0.060110001 2.864
-0.52073999 -0.150279999 2.864
-0.52073999 -0.240449997 2.864
-0.446540009 -0.345649994 2.864
-0.364420013 -0.39073999 2.864
-0.286329987 -0.435820007 2.864
-0.208240005 -0.480910004 2.864
-0.130149994 -0.52598999 2.864
-0.052060001 -0.571080017 2.864
0.078089996 -0.556213501 2.864
0.156179993 -0.511128204 2.864
0.234270004 -0.466042908 2.864
0.312359985 -0.420957642 2.864
0.39292215 -0.383480804 2.864
0.468690002 -0.33070047 2.864
0.52073999 -0.210399994 2.864
0.52073999 -0.120230003 2.864
0.52073999 -0.030059999 2.864
