-0.91860254 0.330266567974326 0
-0.91860254 0.390266567974326 0
-0.901282032 0.300266567974326 0
-0.901282032 0.360266567974326 0
-0.901282032 0.420266567974326 0
-0.883961524 0.330266567974326 0
-0.883961524 0.390266567974326 0
-0.866641016 0.300266567974326 0
-0.866641016 0.360266567974326 0
-0.866641016 0.420266567974326 0
-0.849320508 0.270266567974326 0
-0.849320508 0.330266567974326 0
-0.849320508 0.390266567974326 0
-0.849320508 0.450266567974326 0
-0.832 0.300266567974326 0
-0.832 0.360266567974326 0
-0.832 0.420266567974326 0
-0.814679492 0.270266567974326 0
-0.814679492 0.330266567974326 0
-0.814679492 0.390266567974326 0
-0.814679492 0.450266567974326 0
-0.797358984 0.300266567974326 0
-0.797358984 0.360266567974326 0
-0.797358984 0.420266567974326 0
-0.780038476 0.330266567974326 0
-0.780038476 0.390266567974326 0
-0.762717968 0.300266567974326 0
-0.762717968 0.360266567974326 0
-0.762717968 0.420266567974326 0
-0.74539746 0.330266567974326 0
-0.74539746 0.390266567974326 0
-0.71060254 0.330266567974326 0
-0.71060254 0.390266567974326 0
-0.693282032 0.300266567974326 0
-0.693282032 0.360266567974326 0
-0.675961524 0.330266567974326 0
-0.675961524 0.390266567974326 0
-0.658641016 0.300266567974326 0
-0.658641016 0.360266567974326 0
-0.641320508 0.270266567974326 0
-0.641320508 0.330266567974326 0
-0.624 0.300266567974326 0
-0.606679492 0.270266567974326 0
-0.606679492 0.330266567974326 0
-0.589358984 0.300266567974326 0
-0.572038476 0.330266567974326 0
-0.554717968 0.300266567974326 0
-1.02260254 0.150133283987163 0
-1.02260254 0.210133283987163 0
-1.005282032 0.120133283987163 0
-1.005282032 0.180133283987163 0
-1.005282032 0.240133283987163 0
-0.987961524 0.150133283987163 0
-0.987961524 0.210133283987163 0
-0.970641016 0.120133283987163 0
-0.970641016 0.180133283987163 0
-0.970641016 0.240133283987163 0
-0.953320508 0.0901332839871632 0
-0.953320508 0.150133283987163 0
-0.953320508 0.210133283987163 0
-0.953320508 0.270133283987163 0
-0.936 0.120133283987163 0
-0.936 0.180133283987163 0
-0.936 0.240133283987163 0
-0.918679492 0.0901332839871632 0
-0.918679492 0.150133283987163 0
-0.918679492 0.210133283987163 0
-0.918679492 0.270133283987163 0
-0.901358984 0.120133283987163 0
-0.901358984 0.180133283987163 0
-0.901358984 0.240133283987163 0
-0.884038476 0.150133283987163 0
-0.884038476 0.210133283987163 0
-0.866717968 0.120133283987163 0
-0.866717968 0.180133283987163 0
-0.866717968 0.240133283987163 0
-0.84939746 0.150133283987163 0
-0.84939746 0.210133283987163 0
-0.81460254 0.150133283987163 0
-0.81460254 0.210133283987163 0
-0.797282032 0.120133283987163 0
-0.797282032 0.180133283987163 0
-0.797282032 0.240133283987163 0
-0.779961524 0.150133283987163 0
-0.779961524 0.210133283987163 0
-0.762641016 0.120133283987163 0
-0.762641016 0.180133283987163 0
-0.762641016 0.240133283987163 0
-0.745320508 0.0901332839871632 0
-0.745320508 0.150133283987163 0
-0.745320508 0.210133283987163 0
-0.745320508 0.270133283987163 0
-0.728 0.120133283987163 0
-0.728 0.240133283987163 0
-0.710679492 0.0901332839871632 0
-0.710679492 0.150133283987163 0
-0.710679492 0.210133283987163 0
-0.710679492 0.270133283987163 0
-0.693358984 0.120133283987163 0
-0.693358984 0.180133283987163 0
-0.693358984 0.240133283987163 0
-0.676038476 0.150133283987163 0
-0.676038476 0.210133283987163 0
-0.658717968 0.120133283987163 0
-0.658717968 0.180133283987163 0
-0.658717968 0.240133283987163 0
-0.64139746 0.150133283987163 0
-0.64139746 0.210133283987163 0
-0.60660254 0.150133283987163 0
-0.60660254 0.210133283987163 0
-0.589282032 0.120133283987163 0
-0.589282032 0.180133283987163 0
-0.589282032 0.240133283987163 0
-0.571961524 0.150133283987163 0
-0.571961524 0.210133283987163 0
-0.554641016 0.120133283987163 0
-0.554641016 0.180133283987163 0
-0.554641016 0.240133283987163 0
-0.537320508 0.0901332839871632 0
-0.537320508 0.150133283987163 0
-0.537320508 0.210133283987163 0
-0.537320508 0.270133283987163 0
-0.52 0.120133283987163 0
-0.52 0.240133283987163 0
-0.502679492 0.0901332839871632 0
-0.502679492 0.150133283987163 0
-0.502679492 0.210133283987163 0
-0.502679492 0.270133283987163 0
-0.485358984 0.120133283987163 0
-0.485358984 0.180133283987163 0
-0.485358984 0.240133283987163 0
-0.468038476 0.150133283987163 0
-0.468038476 0.210133283987163 0
-0.450717968 0.120133283987163 0
-0.450717968 0.180133283987163 0
-0.450717968 0.240133283987163 0
-0.43339746 0.150133283987163 0
-0.43339746 0.210133283987163 0
-0.39860254 0.150133283987163 0
-0.39860254 0.210133283987163 0
-0.381282032 0.120133283987163 0
-0.381282032 0.180133283987163 0
-0.363961524 0.150133283987163 0
-0.363961524 0.210133283987163 0
-0.346641016 0.120133283987163 0
-0.346641016 0.180133283987163 0
-0.329320508 0.0901332839871632 0
-0.329320508 0.150133283987163 0
-0.312 0.120133283987163 0
-0.312 0.180133283987163 0
-0.294679492 0.0901332839871632 0
-0.294679492 0.150133283987163 0
-0.277358984 0.120133283987163 0
-0.260038476 0.150133283987163 0
-0.242717968 0.120133283987163 0
-0.91860254 -0.03 0
-0.91860254 0.03 0
-0.901282032 -0.06 0
-0.901282032 0 0
-0.901282032 0.06 0
-0.883961524 -0.03 0
-0.883961524 0.03 0
-0.866641016 -0.06 0
-0.866641016 0 0
-0.866641016 0.06 0
-0.849320508 -0.09 0
-0.849320508 -0.03 0
-0.849320508 0.03 0
-0.849320508 0.09 0
-0.832 -0.06 0
-0.832 0 0
-0.832 0.06 0
-0.814679492 -0.09 0
-0.814679492 -0.03 0
-0.814679492 0.03 0
-0.814679492 0.09 0
-0.797358984 -0.06 0
-0.797358984 0 0
-0.797358984 0.06 0
-0.780038476 -0.03 0
-0.780038476 0.03 0
-0.762717968 -0.06 0
-0.762717968 0 0
-0.762717968 0.06 0
-0.74539746 -0.03 0
-0.74539746 0.03 0
-0.71060254 -0.03 0
-0.71060254 0.03 0
-0.693282032 -0.06 0
-0.693282032 0 0
-0.693282032 0.06 0
-0.675961524 -0.03 0
-0.675961524 0.03 0
-0.658641016 -0.06 0
-0.658641016 0 0
-0.658641016 0.06 0
-0.641320508 -0.09 0
-0.641320508 -0.03 0
-0.641320508 0.03 0
-0.641320508 0.09 0
-0.624 -0.06 0
-0.624 0.06 0
-0.606679492 -0.09 0
-0.606679492 -0.03 0
-0.606679492 0.03 0
-0.606679492 0.09 0
-0.589358984 -0.06 0
-0.589358984 0 0
-0.589358984 0.06 0
-0.572038476 -0.03 0
-0.572038476 0.03 0
-0.554717968 -0.06 0
-0.554717968 0 0
-0.554717968 0.06 0
-0.53739746 -0.03 0
-0.53739746 0.03 0
-0.50260254 -0.03 0
-0.50260254 0.03 0
-0.485282032 -0.06 0
-0.485282032 0 0
-0.485282032 0.06 0
-0.467961524 -0.03 0
-0.467961524 0.03 0
-0.450641016 -0.06 0
-0.450641016 0 0
-0.450641016 0.06 0
-0.433320508 -0.09 0
-0.433320508 -0.03 0
-0.433320508 0.03 0
-0.433320508 0.09 0
-0.416 -0.06 0
-0.416 0 0
-0.416 0.06 0
-0.398679492 -0.09 0
-0.398679492 -0.03 0
-0.398679492 0.03 0
-0.398679492 0.09 0
-0.381358984 -0.06 0
-0.381358984 0 0
-0.381358984 0.06 0
-0.364038476 -0.03 0
-0.364038476 0.03 0
-0.346717968 -0.06 0
-0.346717968 0 0
-0.346717968 0.06 0
-0.32939746 -0.03 0
-0.32939746 0.03 0
-0.29460254 -0.03 0
-0.29460254 0.03 0
-0.277282032 -0.06 0
-0.277282032 0 0
-0.277282032 0.06 0
-0.259961524 -0.03 0
-0.259961524 0.03 0
-0.242641016 -0.06 0
-0.242641016 0 0
-0.242641016 0.06 0
-0.225320508 -0.09 0
-0.225320508 -0.03 0
-0.225320508 0.03 0
-0.225320508 0.09 0
-0.208 -0.06 0
-0.208 0 0
-0.208 0.06 0
-0.190679492 -0.09 0
-0.190679492 -0.03 0
-0.190679492 0.03 0
-0.190679492 0.09 0
-0.173358984 -0.06 0
-0.173358984 0 0
-0.173358984 0.06 0
-0.156038476 -0.03 0
-0.156038476 0.03 0
-0.138717968 -0.06 0
-0.138717968 0 0
-0.138717968 0.06 0
-0.12139746 -0.03 0
-0.12139746 0.03 0
-0.08660254 -0.03 0
-0.08660254 0.03 0
-0.069282032 0 0
-0.051961524 -0.03 0
-0.051961524 0.03 0
-0.034641016 0 0
-1.02260254 -0.210133283987163 0
-1.02260254 -0.150133283987163 0
-1.005282032 -0.240133283987163 0
-1.005282032 -0.180133283987163 0
-1.005282032 -0.120133283987163 0
-0.987961524 -0.210133283987163 0
-0.987961524 -0.150133283987163 0
-0.970641016 -0.240133283987163 0
-0.970641016 -0.180133283987163 0
-0.970641016 -0.120133283987163 0
-0.953320508 -0.270133283987163 0
-0.953320508 -0.210133283987163 0
-0.953320508 -0.150133283987163 0
-0.953320508 -0.0901332839871632 0
-0.936 -0.240133283987163 0
-0.936 -0.180133283987163 0
-0.936 -0.120133283987163 0
-0.918679492 -0.270133283987163 0
-0.918679492 -0.210133283987163 0
-0.918679492 -0.150133283987163 0
-0.918679492 -0.0901332839871632 0
-0.901358984 -0.240133283987163 0
-0.901358984 -0.180133283987163 0
-0.901358984 -0.120133283987163 0
-0.884038476 -0.210133283987163 0
-0.884038476 -0.150133283987163 0
-0.866717968 -0.240133283987163 0
-0.866717968 -0.180133283987163 0
-0.866717968 -0.120133283987163 0
-0.84939746 -0.210133283987163 0
-0.84939746 -0.150133283987163 0
-0.81460254 -0.210133283987163 0
-0.81460254 -0.150133283987163 0
-0.797282032 -0.240133283987163 0
-0.797282032 -0.180133283987163 0
-0.797282032 -0.120133283987163 0
-0.779961524 -0.210133283987163 0
-0.779961524 -0.150133283987163 0
-0.762641016 -0.240133283987163 0
-0.762641016 -0.180133283987163 0
-0.762641016 -0.120133283987163 0
-0.745320508 -0.270133283987163 0
-0.745320508 -0.210133283987163 0
-0.745320508 -0.150133283987163 0
-0.745320508 -0.0901332839871632 0
-0.728 -0.240133283987163 0
-0.728 -0.120133283987163 0
-0.710679492 -0.270133283987163 0
-0.710679492 -0.210133283987163 0
-0.710679492 -0.150133283987163 0
-0.710679492 -0.0901332839871632 0
-0.693358984 -0.240133283987163 0
-0.693358984 -0.180133283987163 0
-0.693358984 -0.120133283987163 0
-0.676038476 -0.210133283987163 0
-0.676038476 -0.150133283987163 0
-0.658717968 -0.240133283987163 0
-0.658717968 -0.180133283987163 0
-0.658717968 -0.120133283987163 0
-0.64139746 -0.210133283987163 0
-0.64139746 -0.150133283987163 0
-0.60660254 -0.210133283987163 0
-0.60660254 -0.150133283987163 0
-0.589282032 -0.240133283987163 0
-0.589282032 -0.180133283987163 0
-0.589282032 -0.120133283987163 0
-0.571961524 -0.210133283987163 0
-0.571961524 -0.150133283987163 0
-0.554641016 -0.240133283987163 0
-0.554641016 -0.180133283987163 0
-0.554641016 -0.120133283987163 0
-0.537320508 -0.270133283987163 0
-0.537320508 -0.210133283987163 0
-0.537320508 -0.150133283987163 0
-0.537320508 -0.0901332839871632 0
-0.52 -0.240133283987163 0
-0.52 -0.120133283987163 0
-0.502679492 -0.270133283987163 0
-0.502679492 -0.210133283987163 0
-0.502679492 -0.150133283987163 0
-0.502679492 -0.0901332839871632 0
-0.485358984 -0.240133283987163 0
-0.485358984 -0.180133283987163 0
-0.485358984 -0.120133283987163 0
-0.468038476 -0.210133283987163 0
-0.468038476 -0.150133283987163 0
-0.450717968 -0.240133283987163 0
-0.450717968 -0.180133283987163 0
-0.450717968 -0.120133283987163 0
-0.43339746 -0.210133283987163 0
-0.43339746 -0.150133283987163 0
-0.39860254 -0.210133283987163 0
-0.39860254 -0.150133283987163 0
-0.381282032 -0.180133283987163 0
-0.381282032 -0.120133283987163 0
-0.363961524 -0.210133283987163 0
-0.363961524 -0.150133283987163 0
-0.346641016 -0.180133283987163 0
-0.346641016 -0.120133283987163 0
-0.329320508 -0.150133283987163 0
-0.329320508 -0.0901332839871632 0
-0.312 -0.180133283987163 0
-0.312 -0.120133283987163 0
-0.294679492 -0.150133283987163 0
-0.294679492 -0.0901332839871632 0
-0.277358984 -0.120133283987163 0
-0.260038476 -0.150133283987163 0
-0.242717968 -0.120133283987163 0
-0.91860254 -0.390266567974326 0
-0.91860254 -0.330266567974326 0
-0.901282032 -0.420266567974326 0
-0.901282032 -0.360266567974326 0
-0.901282032 -0.300266567974326 0
-0.883961524 -0.390266567974326 0
-0.883961524 -0.330266567974326 0
-0.866641016 -0.420266567974326 0
-0.866641016 -0.360266567974326 0
-0.866641016 -0.300266567974326 0
-0.849320508 -0.450266567974326 0
-0.849320508 -0.390266567974326 0
-0.849320508 -0.330266567974326 0
-0.849320508 -0.270266567974326 0
-0.832 -0.420266567974326 0
-0.832 -0.360266567974326 0
-0.832 -0.300266567974326 0
-0.814679492 -0.450266567974326 0
-0.814679492 -0.390266567974326 0
-0.814679492 -0.330266567974326 0
-0.814679492 -0.270266567974326 0
-0.797358984 -0.420266567974326 0
-0.797358984 -0.360266567974326 0
-0.797358984 -0.300266567974326 0
-0.780038476 -0.390266567974326 0
-0.780038476 -0.330266567974326 0
-0.762717968 -0.420266567974326 0
-0.762717968 -0.360266567974326 0
-0.762717968 -0.300266567974326 0
-0.74539746 -0.390266567974326 0
-0.74539746 -0.330266567974326 0
-0.71060254 -0.390266567974326 0
-0.71060254 -0.330266567974326 0
-0.693282032 -0.360266567974326 0
-0.693282032 -0.300266567974326 0
-0.675961524 -0.390266567974326 0
-0.675961524 -0.330266567974326 0
-0.658641016 -0.360266567974326 0
-0.658641016 -0.300266567974326 0
-0.641320508 -0.330266567974326 0
-0.641320508 -0.270266567974326 0
-0.624 -0.300266567974326 0
-0.606679492 -0.330266567974326 0
-0.606679492 -0.270266567974326 0
-0.589358984 -0.300266567974326 0
-0.572038476 -0.330266567974326 0
-0.554717968 -0.300266567974326 0
0 0 0