1.45 -0.935307436087 -0.54
1.45 -0.935307436087 -0.18
1.45 -0.935307436087 0.18
1.45 -0.935307436087 0.54
1.45 -0.623538290725 -0.72
1.45 -0.623538290725 0.0
1.45 -0.623538290725 0.72
1.45 -0.311769145362 -0.9
1.45 -0.311769145362 -0.54
1.45 -0.311769145362 -0.18
1.45 -0.311769145362 0.18
1.45 -0.311769145362 0.54
1.45 -0.311769145362 0.9
1.45 0.0 -1.08
1.45 0.0 -0.36
1.45 0.0 0.36
1.45 0.0 1.08
1.45 0.311769145362 -0.9
1.45 0.311769145362 -0.54
1.45 0.311769145362 -0.18
1.45 0.311769145362 0.18
1.45 0.311769145362 0.54
1.45 0.311769145362 0.9
1.45 0.623538290725 -0.72
1.45 0.623538290725 0.0
1.45 0.623538290725 0.72
1.45 0.935307436087 -0.54
1.45 0.935307436087 -0.18
1.45 0.935307436087 0.18
1.45 0.935307436087 0.54
