0 -0.623538290725 0.0
0 -0.311769145362 -0.54
0 -0.311769145362 -0.18
0 -0.311769145362 0.18
0 -0.311769145362 0.54
0 0.0 -0.36
0 0.0 0.36
0 0.311769145362 -0.54
0 0.311769145362 -0.18
0 0.311769145362 0.18
0 0.311769145362 0.54
0 0.623538290725 0.0
0 -0.935307436087 -0.54
0 -0.935307436087 -0.18
0 -0.935307436087 0.18
0 -0.935307436087 0.54
0 -0.623538290725 -0.72
0 -0.623538290725 0.72
0 -0.311769145362 -0.9
0 -0.311769145362 0.9
0 0.0 -1.08
0 0.0 1.08
0 0.311769145362 -0.9
0 0.311769145362 0.9
0 0.623538290725 -0.72
0 0.623538290725 0.72
0 0.935307436087 -0.54
0 0.935307436087 -0.18
0 0.935307436087 0.18
0 0.935307436087 0.54
0 -1.24707658145 -0.72
0 -1.24707658145 0.0
0 -0.623538290725 -1.08
0 -0.623538290725 -0.36
0 -0.623538290725 0.36
0 -0.623538290725 1.08
0 0.0 -0.72
0 0.0 0.0
0 0.0 0.72
0 0.0 1.44
0 0.623538290725 -1.08
0 0.623538290725 -0.36
0 0.623538290725 0.36
0 0.623538290725 1.08
0 1.24707658145 -0.72
0 1.24707658145 0.0
