1.250000E-01 3.495326E+00 0.000000E+00 
1.250000E-01 4.029978E+00 0.000000E+00 
1.250000E-01 4.564630E+00 0.000000E+00 
1.250000E-01 5.099282E+00 0.000000E+00 
1.250000E-01 5.633934E+00 0.000000E+00 
1.250000E-01 6.168586E+00 0.000000E+00 
1.250000E-01 6.703238E+00 0.000000E+00 
1.250000E-01 7.237890E+00 0.000000E+00 
1.250000E-01 7.772542E+00 0.000000E+00 
1.250000E-01 8.307194E+00 0.000000E+00 
1.250000E-01 8.841847E+00 0.000000E+00 
1.250000E-01 9.376499E+00 0.000000E+00 
1.250000E-01 9.911151E+00 0.000000E+00 
1.250000E-01 1.044580E+01 0.000000E+00 
1.250000E-01 1.098045E+01 0.000000E+00 
1.250000E-01 1.151511E+01 0.000000E+00 
1.250000E-01 1.204976E+01 0.000000E+00 
1.250000E-01 1.258441E+01 0.000000E+00 
1.250000E-01 1.311906E+01 0.000000E+00 
1.250000E-01 1.365371E+01 0.000000E+00 
3.750000E-01 3.495326E+00 0.000000E+00 
3.750000E-01 4.029978E+00 0.000000E+00 
3.750000E-01 4.564630E+00 0.000000E+00 
3.750000E-01 5.099282E+00 0.000000E+00 
3.750000E-01 5.633934E+00 0.000000E+00 
3.750000E-01 6.168586E+00 0.000000E+00 
3.750000E-01 6.703238E+00 0.000000E+00 
3.750000E-01 7.237890E+00 0.000000E+00 
3.750000E-01 7.772542E+00 0.000000E+00 
3.750000E-01 8.307194E+00 0.000000E+00 
3.750000E-01 8.841847E+00 0.000000E+00 
3.750000E-01 9.376499E+00 0.000000E+00 
3.750000E-01 9.911151E+00 0.000000E+00 
3.750000E-01 1.044580E+01 0.000000E+00 
3.750000E-01 1.098045E+01 0.000000E+00 
3.750000E-01 1.151511E+01 0.000000E+00 
3.750000E-01 1.204976E+01 0.000000E+00 
3.750000E-01 1.258441E+01 0.000000E+00 
3.750000E-01 1.311906E+01 0.000000E+00 
3.750000E-01 1.365371E+01 0.000000E+00 
6.250000E-01 3.495326E+00 0.000000E+00 
6.250000E-01 4.029978E+00 0.000000E+00 
6.250000E-01 4.564630E+00 0.000000E+00 
6.250000E-01 5.099282E+00 0.000000E+00 
6.250000E-01 5.633934E+00 0.000000E+00 
6.250000E-01 6.168586E+00 0.000000E+00 
6.250000E-01 6.703238E+00 0.000000E+00 
6.250000E-01 7.237890E+00 0.000000E+00 
6.250000E-01 7.772542E+00 0.000000E+00 
6.250000E-01 8.307194E+00 0.000000E+00 
6.250000E-01 8.841847E+00 0.000000E+00 
6.250000E-01 9.376499E+00 0.000000E+00 
6.250000E-01 9.911151E+00 0.000000E+00 
6.250000E-01 1.044580E+01 0.000000E+00 
6.250000E-01 1.098045E+01 0.000000E+00 
6.250000E-01 1.151511E+01 0.000000E+00 
6.250000E-01 1.204976E+01 0.000000E+00 
6.250000E-01 1.258441E+01 0.000000E+00 
6.250000E-01 1.311906E+01 0.000000E+00 
6.250000E-01 1.365371E+01 0.000000E+00 
8.750000E-01 3.495326E+00 0.000000E+00 
8.750000E-01 4.029978E+00 0.000000E+00 
8.750000E-01 4.564630E+00 0.000000E+00 
8.750000E-01 5.099282E+00 0.000000E+00 
8.750000E-01 5.633934E+00 0.000000E+00 
8.750000E-01 6.168586E+00 0.000000E+00 
8.750000E-01 6.703238E+00 0.000000E+00 
8.750000E-01 7.237890E+00 0.000000E+00 
8.750000E-01 7.772542E+00 0.000000E+00 
8.750000E-01 8.307194E+00 0.000000E+00 
8.750000E-01 8.841847E+00 0.000000E+00 
8.750000E-01 9.376499E+00 0.000000E+00 
8.750000E-01 9.911151E+00 0.000000E+00 
8.750000E-01 1.044580E+01 0.000000E+00 
8.750000E-01 1.098045E+01 0.000000E+00 
8.750000E-01 1.151511E+01 0.000000E+00 
8.750000E-01 1.204976E+01 0.000000E+00 
8.750000E-01 1.258441E+01 0.000000E+00 
8.750000E-01 1.311906E+01 0.000000E+00 
8.750000E-01 1.365371E+01 0.000000E+00 
1.125000E+00 3.495326E+00 0.000000E+00 
1.125000E+00 4.029978E+00 0.000000E+00 
1.125000E+00 4.564630E+00 0.000000E+00 
1.125000E+00 5.099282E+00 0.000000E+00 
1.125000E+00 5.633934E+00 0.000000E+00 
1.125000E+00 6.168586E+00 0.000000E+00 
1.125000E+00 6.703238E+00 0.000000E+00 
1.125000E+00 7.237890E+00 0.000000E+00 
1.125000E+00 7.772542E+00 0.000000E+00 
1.125000E+00 8.307194E+00 0.000000E+00 
1.125000E+00 8.841847E+00 0.000000E+00 
1.125000E+00 9.376499E+00 0.000000E+00 
1.125000E+00 9.911151E+00 0.000000E+00 
1.125000E+00 1.044580E+01 0.000000E+00 
1.125000E+00 1.098045E+01 0.000000E+00 
1.125000E+00 1.151511E+01 0.000000E+00 
1.125000E+00 1.204976E+01 0.000000E+00 
1.125000E+00 1.258441E+01 0.000000E+00 
1.125000E+00 1.311906E+01 0.000000E+00 
1.125000E+00 1.365371E+01 0.000000E+00 
1.375000E+00 3.495326E+00 0.000000E+00 
1.375000E+00 4.029978E+00 0.000000E+00 
1.375000E+00 4.564630E+00 0.000000E+00 
1.375000E+00 5.099282E+00 0.000000E+00 
1.375000E+00 5.633934E+00 0.000000E+00 
1.375000E+00 6.168586E+00 0.000000E+00 
1.375000E+00 6.703238E+00 0.000000E+00 
1.375000E+00 7.237890E+00 0.000000E+00 
1.375000E+00 7.772542E+00 0.000000E+00 
1.375000E+00 8.307194E+00 0.000000E+00 
1.375000E+00 8.841847E+00 0.000000E+00 
1.375000E+00 9.376499E+00 0.000000E+00 
1.375000E+00 9.911151E+00 0.000000E+00 
1.375000E+00 1.044580E+01 0.000000E+00 
1.375000E+00 1.098045E+01 0.000000E+00 
1.375000E+00 1.151511E+01 0.000000E+00 
1.375000E+00 1.204976E+01 0.000000E+00 
1.375000E+00 1.258441E+01 0.000000E+00 
1.375000E+00 1.311906E+01 0.000000E+00 
1.375000E+00 1.365371E+01 0.000000E+00 
4.166667E-02 2.578479E+00 0.000000E+00 
1.041667E-01 2.578479E+00 0.000000E+00 
1.666667E-01 2.578479E+00 0.000000E+00 
2.291667E-01 2.578479E+00 0.000000E+00 
2.916667E-01 2.578479E+00 0.000000E+00 
3.541667E-01 2.578479E+00 0.000000E+00 
6.250000E-02 2.722817E+00 0.000000E+00 
1.666667E-01 2.722817E+00 0.000000E+00 
2.708333E-01 2.722817E+00 0.000000E+00 
3.750000E-01 2.722817E+00 0.000000E+00 
4.791667E-01 2.722817E+00 0.000000E+00 
5.833333E-01 2.722817E+00 0.000000E+00 
8.333333E-02 2.867155E+00 0.000000E+00 
2.291667E-01 2.867155E+00 0.000000E+00 
3.750000E-01 2.867155E+00 0.000000E+00 
5.208333E-01 2.867155E+00 0.000000E+00 
6.666667E-01 2.867155E+00 0.000000E+00 
8.125000E-01 2.867155E+00 0.000000E+00 
1.041667E-01 3.011493E+00 0.000000E+00 
2.916667E-01 3.011493E+00 0.000000E+00 
4.791667E-01 3.011493E+00 0.000000E+00 
6.666667E-01 3.011493E+00 0.000000E+00 
8.541667E-01 3.011493E+00 0.000000E+00 
1.041667E+00 3.011493E+00 0.000000E+00 
1.250000E-01 3.155831E+00 0.000000E+00 
3.541667E-01 3.155831E+00 0.000000E+00 
5.833333E-01 3.155831E+00 0.000000E+00 
8.125000E-01 3.155831E+00 0.000000E+00 
1.041667E+00 3.155831E+00 0.000000E+00 
1.270833E+00 3.155831E+00 0.000000E+00 
0.000000E+00 1.907000E+00 0.000000E+00 
0.000000E+00 2.121000E+00 0.000000E+00 
0.000000E+00 2.367155E+00 0.000000E+00 
