 6.75866E+00  6.75866E+00  6.75866E+00
 6.75866E+00  6.75866E+00  2.02760E+01
 6.75866E+00  6.75866E+00  3.37933E+01
 6.75866E+00  6.75866E+00  4.73106E+01
 6.75866E+00  6.75866E+00  6.08280E+01
 6.75866E+00  2.02760E+01  6.75866E+00
 6.75866E+00  2.02760E+01  2.02760E+01
 6.75866E+00  2.02760E+01  3.37933E+01
 6.75866E+00  2.02760E+01  4.73106E+01
 6.75866E+00  2.02760E+01  6.08280E+01
 6.75866E+00  3.37933E+01  6.75866E+00
 6.75866E+00  3.37933E+01  2.02760E+01
 6.75866E+00  3.37933E+01  3.37933E+01
 6.75866E+00  3.37933E+01  4.73106E+01
 6.75866E+00  3.37933E+01  6.08280E+01
 6.75866E+00  4.73106E+01  6.75866E+00
 6.75866E+00  4.73106E+01  2.02760E+01
 6.75866E+00  4.73106E+01  3.37933E+01
 6.75866E+00  4.73106E+01  4.73106E+01
 6.75866E+00  4.73106E+01  6.08280E+01
 6.75866E+00  6.08280E+01  6.75866E+00
 6.75866E+00  6.08280E+01  2.02760E+01
 6.75866E+00  6.08280E+01  3.37933E+01
 6.75866E+00  6.08280E+01  4.73106E+01
 6.75866E+00  6.08280E+01  6.08280E+01
 2.02760E+01  6.75866E+00  6.75866E+00
 2.02760E+01  6.75866E+00  2.02760E+01
 2.02760E+01  6.75866E+00  3.37933E+01
 2.02760E+01  6.75866E+00  4.73106E+01
 2.02760E+01  6.75866E+00  6.08280E+01
 2.02760E+01  2.02760E+01  6.75866E+00
 2.02760E+01  2.02760E+01  2.02760E+01
 2.02760E+01  2.02760E+01  3.37933E+01
 2.02760E+01  2.02760E+01  4.73106E+01
 2.02760E+01  2.02760E+01  6.08280E+01
 2.02760E+01  3.37933E+01  6.75866E+00
 2.02760E+01  3.37933E+01  2.02760E+01
 2.02760E+01  3.37933E+01  3.37933E+01
 2.02760E+01  3.37933E+01  4.73106E+01
 2.02760E+01  3.37933E+01  6.08280E+01
 2.02760E+01  4.73106E+01  6.75866E+00
 2.02760E+01  4.73106E+01  2.02760E+01
 2.02760E+01  4.73106E+01  3.37933E+01
 2.02760E+01  4.73106E+01  4.73106E+01
 2.02760E+01  4.73106E+01  6.08280E+01
 2.02760E+01  6.08280E+01  6.75866E+00
 2.02760E+01  6.08280E+01  2.02760E+01
 2.02760E+01  6.08280E+01  3.37933E+01
 2.02760E+01  6.08280E+01  4.73106E+01
 2.02760E+01  6.08280E+01  6.08280E+01
 3.37933E+01  6.75866E+00  6.75866E+00
 3.37933E+01  6.75866E+00  2.02760E+01
 3.37933E+01  6.75866E+00  3.37933E+01
 3.37933E+01  6.75866E+00  4.73106E+01
 3.37933E+01  6.75866E+00  6.08280E+01
 3.37933E+01  2.02760E+01  6.75866E+00
 3.37933E+01  2.02760E+01  2.02760E+01
 3.37933E+01  2.02760E+01  3.37933E+01
 3.37933E+01  2.02760E+01  4.73106E+01
 3.37933E+01  2.02760E+01  6.08280E+01
 3.37933E+01  3.37933E+01  6.75866E+00
 3.37933E+01  3.37933E+01  2.02760E+01
 3.37933E+01  3.37933E+01  3.37933E+01
 3.37933E+01  3.37933E+01  4.73106E+01
 3.37933E+01  3.37933E+01  6.08280E+01
 3.37933E+01  4.73106E+01  6.75866E+00
 3.37933E+01  4.73106E+01  2.02760E+01
 3.37933E+01  4.73106E+01  3.37933E+01
 3.37933E+01  4.73106E+01  4.73106E+01
 3.37933E+01  4.73106E+01  6.08280E+01
 3.37933E+01  6.08280E+01  6.75866E+00
 3.37933E+01  6.08280E+01  2.02760E+01
 3.37933E+01  6.08280E+01  3.37933E+01
 3.37933E+01  6.08280E+01  4.73106E+01
 3.37933E+01  6.08280E+01  6.08280E+01
 4.73106E+01  6.75866E+00  6.75866E+00
 4.73106E+01  6.75866E+00  2.02760E+01
 4.73106E+01  6.75866E+00  3.37933E+01
 4.73106E+01  6.75866E+00  4.73106E+01
 4.73106E+01  6.75866E+00  6.08280E+01
 4.73106E+01  2.02760E+01  6.75866E+00
 4.73106E+01  2.02760E+01  2.02760E+01
 4.73106E+01  2.02760E+01  3.37933E+01
 4.73106E+01  2.02760E+01  4.73106E+01
 4.73106E+01  2.02760E+01  6.08280E+01
 4.73106E+01  3.37933E+01  6.75866E+00
 4.73106E+01  3.37933E+01  2.02760E+01
 4.73106E+01  3.37933E+01  3.37933E+01
 4.73106E+01  3.37933E+01  4.73106E+01
 4.73106E+01  3.37933E+01  6.08280E+01
 4.73106E+01  4.73106E+01  6.75866E+00
 4.73106E+01  4.73106E+01  2.02760E+01
 4.73106E+01  4.73106E+01  3.37933E+01
 4.73106E+01  4.73106E+01  4.73106E+01
 4.73106E+01  4.73106E+01  6.08280E+01
 4.73106E+01  6.08280E+01  6.75866E+00
 4.73106E+01  6.08280E+01  2.02760E+01
 4.73106E+01  6.08280E+01  3.37933E+01
 4.73106E+01  6.08280E+01  4.73106E+01
 4.73106E+01  6.08280E+01  6.08280E+01
 6.08280E+01  6.75866E+00  6.75866E+00
 6.08280E+01  6.75866E+00  2.02760E+01
 6.08280E+01  6.75866E+00  3.37933E+01
 6.08280E+01  6.75866E+00  4.73106E+01
 6.08280E+01  6.75866E+00  6.08280E+01
 6.08280E+01  2.02760E+01  6.75866E+00
 6.08280E+01  2.02760E+01  2.02760E+01
 6.08280E+01  2.02760E+01  3.37933E+01
 6.08280E+01  2.02760E+01  4.73106E+01
 6.08280E+01  2.02760E+01  6.08280E+01
 6.08280E+01  3.37933E+01  6.75866E+00
 6.08280E+01  3.37933E+01  2.02760E+01
 6.08280E+01  3.37933E+01  3.37933E+01
 6.08280E+01  3.37933E+01  4.73106E+01
 6.08280E+01  3.37933E+01  6.08280E+01
 6.08280E+01  4.73106E+01  6.75866E+00
 6.08280E+01  4.73106E+01  2.02760E+01
 6.08280E+01  4.73106E+01  3.37933E+01
 6.08280E+01  4.73106E+01  4.73106E+01
 6.08280E+01  4.73106E+01  6.08280E+01
 6.08280E+01  6.08280E+01  6.75866E+00
 6.08280E+01  6.08280E+01  2.02760E+01
 6.08280E+01  6.08280E+01  3.37933E+01
 6.08280E+01  6.08280E+01  4.73106E+01
 6.08280E+01  6.08280E+01  6.08280E+01
