0.182210007 0.01503 2.864
0.446540009 0.01503 2.864
0.182210007 0.075139999 2.864
0.446540009 0.075139999 2.864
0.446540009 0.105199997 2.864
0.156179993 0.120230003 2.864
0.104120003 0.150279999 2.864
0.078089996 0.165309998 2.864
0.446540009 0.165309998 2.864
0.026030001 0.195369995 2.864
0.446540009 0.195369995 2.864
0.416480011 0.210399994 2.864
0.390450012 0.255479996 2.864
0.390450012 0.285540009 2.864
0.364420013 0.300570007 2.864
0.312359985 0.330619995 2.864
0.286329987 0.345649994 2.864
0.234270004 0.375709991 2.864
0.208240005 0.39073999 2.864
0.156179993 0.420790009 2.864
0.130149994 0.435820007 2.864
0.026030001 0.465880005 2.864
0.078089996 0.465880005 2.864
0.052060001 0.480910004 2.864
-0.182210007 0.01503 2.864
-0.446540009 0.01503 2.864
-0.182210007 0.075139999 2.864
-0.446540009 0.075139999 2.864
-0.446540009 0.105199997 2.864
-0.156179993 0.120230003 2.864
-0.104120003 0.150279999 2.864
-0.078089996 0.165309998 2.864
-0.446540009 0.165309998 2.864
-0.026030001 0.195369995 2.864
-0.446540009 0.195369995 2.864
-0.416480011 0.210399994 2.864
-0.390450012 0.255479996 2.864
-0.390450012 0.285540009 2.864
-0.364420013 0.300570007 2.864
-0.312359985 0.330619995 2.864
-0.286329987 0.345649994 2.864
-0.234270004 0.375709991 2.864
-0.208240005 0.39073999 2.864
-0.156179993 0.420790009 2.864
-0.130149994 0.435820007 2.864
-0.026030001 0.465880005 2.864
-0.078089996 0.465880005 2.864
-0.052060001 0.480910004 2.864
0.182210007 -0.01503 2.864
0.446540009 -0.01503 2.864
0.182210007 -0.075139999 2.864
0.446540009 -0.075139999 2.864
0.446540009 -0.105199997 2.864
0.156179993 -0.120230003 2.864
0.104120003 -0.150279999 2.864
0.078089996 -0.165309998 2.864
0.446540009 -0.165309998 2.864
0.026030001 -0.195369995 2.864
0.446540009 -0.195369995 2.864
0.416480011 -0.210399994 2.864
0.390450012 -0.255479996 2.864
0.390450012 -0.285540009 2.864
0.364420013 -0.300570007 2.864
0.312359985 -0.330619995 2.864
0.286329987 -0.345649994 2.864
0.234270004 -0.375709991 2.864
0.208240005 -0.39073999 2.864
0.156179993 -0.420790009 2.864
0.130149994 -0.435820007 2.864
0.026030001 -0.465880005 2.864
0.078089996 -0.465880005 2.864
0.052060001 -0.480910004 2.864
-0.182210007 -0.01503 2.864
-0.446540009 -0.01503 2.864
-0.182210007 -0.075139999 2.864
-0.446540009 -0.075139999 2.864
-0.446540009 -0.105199997 2.864
-0.156179993 -0.120230003 2.864
-0.104120003 -0.150279999 2.864
-0.078089996 -0.165309998 2.864
-0.446540009 -0.165309998 2.864
-0.026030001 -0.195369995 2.864
-0.446540009 -0.195369995 2.864
-0.416480011 -0.210399994 2.864
-0.390450012 -0.255479996 2.864
-0.390450012 -0.285540009 2.864
-0.364420013 -0.300570007 2.864
-0.312359985 -0.330619995 2.864
-0.286329987 -0.345649994 2.864
-0.234270004 -0.375709991 2.864
-0.208240005 -0.39073999 2.864
-0.156179993 -0.420790009 2.864
-0.130149994 -0.435820007 2.864
-0.026030001 -0.465880005 2.864
-0.078089996 -0.465880005 2.864
-0.052060001 -0.480910004 2.864
