0.133760510365853 0.369680000000000 0.000000000000000
0.173597678939937 0.346680000000000 0.000000000000000
0.213434847514021 0.323680000000000 0.000000000000000
0.253272016088105 0.300680000000000 0.000000000000000
0.0939233417917683 0.346680000000000 0.000000000000000
0.133760510365853 0.323680000000000 0.000000000000000
0.173597678939937 0.300680000000000 0.000000000000000
0.213434847514021 0.277680000000000 0.000000000000000
0.253272016088105 0.254680000000000 0.000000000000000
0.0540861732176842 0.323680000000000 0.000000000000000
0.0939233417917683 0.300680000000000 0.000000000000000
0.133760510365853 0.277680000000000 0.000000000000000
0.173597678939937 0.254680000000000 0.000000000000000
0.213434847514021 0.231680000000000 0.000000000000000
0.253272016088105 0.208680000000000 0.000000000000000
0.0142490046436000 0.300680000000000 0.000000000000000
0.0540861732176842 0.277680000000000 0.000000000000000
0.0939233417917683 0.254680000000000 0.000000000000000
0.133760510365853 0.231680000000000 0.000000000000000
0.173597678939937 0.208680000000000 0.000000000000000
0.213434847514021 0.185680000000000 0.000000000000000
0.253272016088105 0.162680000000000 0.000000000000000
0.0142490046436000 0.254680000000000 0.000000000000000
0.0540861732176842 0.231680000000000 0.000000000000000
0.0939233417917683 0.208680000000000 0.000000000000000
0.133760510365853 0.185680000000000 0.000000000000000
0.173597678939937 0.162680000000000 0.000000000000000
0.213434847514021 0.139680000000000 0.000000000000000
0.0142490046436000 0.208680000000000 0.000000000000000
0.0540861732176842 0.185680000000000 0.000000000000000
0.0939233417917683 0.162680000000000 0.000000000000000
0.133760510365853 0.139680000000000 0.000000000000000
0.173597678939937 0.116680000000000 0.000000000000000
0.0142490046436000 0.162680000000000 0.000000000000000
0.0540861732176842 0.139680000000000 0.000000000000000
0.0939233417917684 0.116680000000000 0.000000000000000
0.133760510365853 0.0936800000000000 0.000000000000000
0.267521020731705 0.601360000000000 0.000000000000000
0.307358189305789 0.578360000000000 0.000000000000000
0.347195357879873 0.555360000000000 0.000000000000000
0.387032526453958 0.532360000000000 0.000000000000000
0.227683852157621 0.578360000000000 0.000000000000000
0.267521020731705 0.555360000000000 0.000000000000000
0.307358189305789 0.532360000000000 0.000000000000000
0.347195357879873 0.509360000000000 0.000000000000000
0.387032526453958 0.486360000000000 0.000000000000000
0.187846683583537 0.555360000000000 0.000000000000000
0.227683852157621 0.532360000000000 0.000000000000000
0.267521020731705 0.509360000000000 0.000000000000000
0.307358189305789 0.486360000000000 0.000000000000000
0.347195357879873 0.463360000000000 0.000000000000000
0.387032526453958 0.440360000000000 0.000000000000000
0.148009515009453 0.532360000000000 0.000000000000000
0.187846683583537 0.509360000000000 0.000000000000000
0.227683852157621 0.486360000000000 0.000000000000000
0.267521020731705 0.463360000000000 0.000000000000000
0.307358189305789 0.440360000000000 0.000000000000000
0.347195357879873 0.417360000000000 0.000000000000000
0.387032526453958 0.394360000000000 0.000000000000000
0.148009515009453 0.486360000000000 0.000000000000000
0.187846683583537 0.463360000000000 0.000000000000000
0.227683852157621 0.440360000000000 0.000000000000000
0.267521020731705 0.417360000000000 0.000000000000000
0.307358189305789 0.394360000000000 0.000000000000000
0.347195357879873 0.371360000000000 0.000000000000000
0.148009515009453 0.440360000000000 0.000000000000000
0.187846683583537 0.417360000000000 0.000000000000000
0.227683852157621 0.394360000000000 0.000000000000000
0.267521020731705 0.371360000000000 0.000000000000000
0.307358189305789 0.348360000000000 0.000000000000000
0.148009515009453 0.394360000000000 0.000000000000000
0.187846683583537 0.371360000000000 0.000000000000000
0.227683852157621 0.348360000000000 0.000000000000000
0.267521020731705 0.325360000000000 0.000000000000000
0 0.601360000000000 0.000000000000000
0.0398371685740842 0.578360000000000 0.000000000000000
0.0796743371481683 0.555360000000000 0.000000000000000
0.119511505722252 0.532360000000000 0.000000000000000
0 0.555360000000000 0.000000000000000
0.0398371685740842 0.532360000000000 0.000000000000000
0.0796743371481684 0.509360000000000 0.000000000000000
0.119511505722252 0.486360000000000 0.000000000000000
0 0.509360000000000 0.000000000000000
0.0398371685740842 0.486360000000000 0.000000000000000
0.0796743371481684 0.463360000000000 0.000000000000000
0.119511505722252 0.440360000000000 0.000000000000000
0 0.463360000000000 0.000000000000000
0.0398371685740842 0.440360000000000 0.000000000000000
0.0796743371481684 0.417360000000000 0.000000000000000
0.119511505722252 0.394360000000000 0.000000000000000
0 0.417360000000000 0.000000000000000
0.0398371685740842 0.394360000000000 0.000000000000000
0.0796743371481684 0.371360000000000 0.000000000000000
0 0.371360000000000 0.000000000000000
0.0398371685740842 0.348360000000000 0.000000000000000
0 0.325360000000000 0.000000000000000
0.133760510365853 0.833040000000000 0.000000000000000
0.173597678939937 0.810040000000000 0.000000000000000
0.213434847514021 0.787040000000000 0.000000000000000
0.253272016088105 0.764040000000000 0.000000000000000
0.0939233417917683 0.810040000000000 0.000000000000000
0.133760510365853 0.787040000000000 0.000000000000000
0.173597678939937 0.764040000000000 0.000000000000000
0.213434847514021 0.741040000000000 0.000000000000000
0.253272016088105 0.718040000000000 0.000000000000000
0.0540861732176841 0.787040000000000 0.000000000000000
0.0939233417917683 0.764040000000000 0.000000000000000
0.133760510365853 0.741040000000000 0.000000000000000
0.173597678939937 0.718040000000000 0.000000000000000
0.213434847514021 0.695040000000000 0.000000000000000
0.253272016088105 0.672040000000000 0.000000000000000
0.0142490046436000 0.764040000000000 0.000000000000000
0.0540861732176841 0.741040000000000 0.000000000000000
0.0939233417917683 0.718040000000000 0.000000000000000
0.133760510365853 0.695040000000000 0.000000000000000
0.173597678939937 0.672040000000000 0.000000000000000
0.213434847514021 0.649040000000000 0.000000000000000
0.253272016088105 0.626040000000000 0.000000000000000
0.0142490046436000 0.718040000000000 0.000000000000000
0.0540861732176841 0.695040000000000 0.000000000000000
0.0939233417917683 0.672040000000000 0.000000000000000
0.133760510365853 0.649040000000000 0.000000000000000
0.173597678939937 0.626040000000000 0.000000000000000
0.213434847514021 0.603040000000000 0.000000000000000
0.0142490046436000 0.672040000000000 0.000000000000000
0.0540861732176841 0.649040000000000 0.000000000000000
0.0939233417917683 0.626040000000000 0.000000000000000
0.133760510365853 0.603040000000000 0.000000000000000
0.173597678939937 0.580040000000000 0.000000000000000
0.0142490046436000 0.626040000000000 0.000000000000000
0.0540861732176841 0.603040000000000 0.000000000000000
0.0939233417917683 0.580040000000000 0.000000000000000
0.133760510365853 0.557040000000000 0.000000000000000
0.401281531097558 0.369680000000000 0.000000000000000
0.441118699671642 0.346680000000000 0.000000000000000
0.480955868245726 0.323680000000000 0.000000000000000
0.520793036819810 0.300680000000000 0.000000000000000
0.361444362523473 0.346680000000000 0.000000000000000
0.401281531097558 0.323680000000000 0.000000000000000
0.441118699671642 0.300680000000000 0.000000000000000
0.480955868245726 0.277680000000000 0.000000000000000
0.321607193949389 0.323680000000000 0.000000000000000
0.361444362523473 0.300680000000000 0.000000000000000
0.401281531097558 0.277680000000000 0.000000000000000
0.441118699671642 0.254680000000000 0.000000000000000
0.281770025375305 0.300680000000000 0.000000000000000
0.321607193949389 0.277680000000000 0.000000000000000
0.361444362523473 0.254680000000000 0.000000000000000
0.401281531097558 0.231680000000000 0.000000000000000
0.281770025375305 0.254680000000000 0.000000000000000
0.321607193949389 0.231680000000000 0.000000000000000
0.361444362523473 0.208680000000000 0.000000000000000
0.281770025375305 0.208680000000000 0.000000000000000
0.321607193949389 0.185680000000000 0.000000000000000
0.281770025375305 0.162680000000000 0.000000000000000
0.535042041463410 0.601360000000000 0.000000000000000
0.574879210037494 0.578360000000000 0.000000000000000
0.614716378611578 0.555360000000000 0.000000000000000
0.654553547185663 0.532360000000000 0.000000000000000
0.495204872889326 0.578360000000000 0.000000000000000
0.535042041463410 0.555360000000000 0.000000000000000
0.574879210037494 0.532360000000000 0.000000000000000
0.614716378611579 0.509360000000000 0.000000000000000
0.654553547185663 0.486360000000000 0.000000000000000
0.455367704315242 0.555360000000000 0.000000000000000
0.495204872889326 0.532360000000000 0.000000000000000
0.535042041463410 0.509360000000000 0.000000000000000
0.574879210037494 0.486360000000000 0.000000000000000
0.614716378611579 0.463360000000000 0.000000000000000
0.654553547185663 0.440360000000000 0.000000000000000
0.415530535741158 0.532360000000000 0.000000000000000
0.455367704315242 0.509360000000000 0.000000000000000
0.495204872889326 0.486360000000000 0.000000000000000
0.535042041463410 0.463360000000000 0.000000000000000
0.574879210037494 0.440360000000000 0.000000000000000
0.614716378611579 0.417360000000000 0.000000000000000
0.654553547185663 0.394360000000000 0.000000000000000
0.415530535741158 0.486360000000000 0.000000000000000
0.455367704315242 0.463360000000000 0.000000000000000
0.495204872889326 0.440360000000000 0.000000000000000
0.535042041463410 0.417360000000000 0.000000000000000
0.574879210037494 0.394360000000000 0.000000000000000
0.614716378611579 0.371360000000000 0.000000000000000
0.415530535741158 0.440360000000000 0.000000000000000
0.455367704315242 0.417360000000000 0.000000000000000
0.495204872889326 0.394360000000000 0.000000000000000
0.535042041463410 0.371360000000000 0.000000000000000
0.574879210037494 0.348360000000000 0.000000000000000
0.415530535741158 0.394360000000000 0.000000000000000
0.455367704315242 0.371360000000000 0.000000000000000
0.495204872889326 0.348360000000000 0.000000000000000
0.535042041463410 0.325360000000000 0.000000000000000
