0.39183449938789655 0.0 0.2
0.41333449938789657 0.037239092362730854 0.2
0.43483449938789653 0.07447818472546171 0.2
0.45633449938789655 0.11171727708819258 0.2
0.47783449938789657 0.14895636945092341 0.2
0.43483449938789653 0.0 0.2
0.4563344993878965 0.037239092362730854 0.2
0.4778344993878965 0.07447818472546171 0.2
0.49933449938789654 0.11171727708819258 0.2
0.5208344993878965 0.14895636945092341 0.2
0.47783449938789657 0.0 0.2
0.49933449938789654 0.037239092362730854 0.2
0.5208344993878965 0.07447818472546171 0.2
0.5423344993878966 0.11171727708819258 0.2
0.5638344993878965 0.14895636945092341 0.2
0.5208344993878965 0.0 0.2
0.5423344993878966 0.037239092362730854 0.2
0.5638344993878965 0.07447818472546171 0.2
0.5853344993878965 0.11171727708819258 0.2
0.6068344993878966 0.14895636945092341 0.2
0.5638344993878965 0.0 0.2
0.5853344993878965 0.037239092362730854 0.2
0.6068344993878966 0.07447818472546171 0.2
0.6283344993878965 0.11171727708819258 0.2
0.6498344993878965 0.14895636945092341 0.2
0.6068344993878966 0.0 0.2
0.6283344993878965 0.037239092362730854 0.2
0.6498344993878965 0.07447818472546171 0.2
0.6713344993878966 0.11171727708819258 0.2
0.6498344993878965 0.0 0.2
0.6713344993878965 0.037239092362730854 0.2
0.6928344993878965 0.07447818472546171 0.2
0.6928344993878965 0.0 0.2
0.7143344993878965 0.037239092362730854 0.2
0.7358344993878965 0.0 0.2
0.15291724969394827 0.08828681527453829 0.2
0.17441724969394828 0.05104772291180741 0.2
0.19591724969394828 0.08828681527453829 0.2
0.21741724969394827 0.12552590763726915 0.2
0.19591724969394828 0.013808630549076578 0.2
0.21741724969394827 0.05104772291180741 0.2
0.23891724969394829 0.08828681527453829 0.2
0.26041724969394825 0.12552590763726915 0.2
0.28191724969394827 0.162765 0.2
0.23891724969394829 0.013808630549076578 0.2
0.26041724969394825 0.05104772291180741 0.2
0.28191724969394827 0.08828681527453829 0.2
0.3034172496939483 0.12552590763726915 0.2
0.32491724969394825 0.162765 0.2
0.34641724969394827 0.20000409236273084 0.2
0.28191724969394827 0.013808630549076578 0.2
0.30341724969394823 0.05104772291180741 0.2
0.32491724969394825 0.08828681527453829 0.2
0.34641724969394827 0.12552590763726915 0.2
0.36791724969394823 0.162765 0.2
0.38941724969394825 0.20000409236273084 0.2
0.41091724969394827 0.2372431847254617 0.2
0.3249172496939483 0.013808630549076578 0.2
0.34641724969394827 0.05104772291180741 0.2
0.3679172496939483 0.08828681527453829 0.2
0.3894172496939483 0.12552590763726915 0.2
0.41091724969394827 0.162765 0.2
0.43241724969394824 0.20000409236273084 0.2
0.36791724969394823 0.013808630549076578 0.2
0.38941724969394825 0.05104772291180741 0.2
0.41091724969394827 0.08828681527453829 0.2
0.43241724969394824 0.12552590763726915 0.2
0.45391724969394825 0.162765 0.2
0.43483449938789653 0.2510518152745383 0.2
0.45633449938789655 0.21381272291180742 0.2
0.47783449938789657 0.2510518152745383 0.2
0.49933449938789654 0.2882909076372691 0.2
0.47783449938789657 0.17657363054907657 0.2
0.49933449938789654 0.21381272291180742 0.2
0.5208344993878965 0.2510518152745383 0.2
0.5423344993878966 0.2882909076372691 0.2
0.5638344993878965 0.32553 0.2
0.5208344993878965 0.17657363054907657 0.2
0.5423344993878966 0.21381272291180742 0.2
0.5638344993878965 0.2510518152745383 0.2
0.5853344993878965 0.2882909076372691 0.2
0.6068344993878966 0.32553 0.2
0.6283344993878965 0.36276909236273086 0.2
0.5638344993878965 0.17657363054907657 0.2
0.5853344993878965 0.21381272291180742 0.2
0.6068344993878966 0.2510518152745383 0.2
0.6283344993878965 0.2882909076372691 0.2
0.6498344993878965 0.32553 0.2
0.6713344993878965 0.36276909236273086 0.2
0.6928344993878965 0.4000081847254617 0.2
0.6068344993878966 0.17657363054907657 0.2
0.6283344993878965 0.21381272291180742 0.2
0.6498344993878965 0.2510518152745383 0.2
0.6713344993878966 0.2882909076372691 0.2
0.6928344993878965 0.32553 0.2
0.7143344993878965 0.36276909236273086 0.2
0.6498344993878965 0.17657363054907657 0.2
0.6713344993878965 0.21381272291180742 0.2
0.6928344993878965 0.2510518152745383 0.2
0.7143344993878965 0.2882909076372691 0.2
0.7358344993878965 0.32553 0.2
