0.704905 -0.165000  0 
0.628695 -0.165000  0 
0.743010 -0.165000  0 
0.590590 -0.165000  0 
0.723958 -0.132000  0 
0.609642 -0.132000  0 
0.723958 -0.198000  0 
0.609642 -0.198000  0 
0.685853 -0.132000  0 
0.647747 -0.132000  0 
0.685853 -0.198000  0 
0.647747 -0.198000  0 
0.666800 -0.099000  0 
0.666800 -0.231000  0 
0.704905 -0.099000  0 
0.628695 -0.099000  0 
0.704905 -0.231000  0 
0.628695 -0.231000  0 
0.704905 0.165000  0 
0.628695 0.165000  0 
0.743010 0.165000  0 
0.590590 0.165000  0 
0.723958 0.198000  0 
0.609642 0.198000  0 
0.723958 0.132000  0 
0.609642 0.132000  0 
0.685853 0.198000  0 
0.647747 0.198000  0 
0.685853 0.132000  0 
0.647747 0.132000  0 
0.666800 0.231000  0 
0.666800 0.099000  0 
0.704905 0.231000  0 
0.628695 0.231000  0 
0.704905 0.099000  0 
0.628695 0.099000  0 
0.609705 -0.330000  0 
0.533495 -0.330000  0 
0.647810 -0.330000  0 
0.495390 -0.330000  0 
0.628758 -0.297000  0 
0.514442 -0.297000  0 
0.628758 -0.363000  0 
0.514442 -0.363000  0 
0.590653 -0.297000  0 
0.552547 -0.297000  0 
0.590653 -0.363000  0 
0.552547 -0.363000  0 
0.571600 -0.264000  0 
0.571600 -0.396000  0 
0.609705 -0.264000  0 
0.533495 -0.264000  0 
0.609705 -0.396000  0 
0.533495 -0.396000  0 
0.609705 0.000000  0 
0.533495 0.000000  0 
0.647810 0.000000  0 
0.495390 0.000000  0 
0.628758 0.033000  0 
0.514442 0.033000  0 
0.628758 -0.033000  0 
0.514442 -0.033000  0 
0.590653 0.033000  0 
0.552547 0.033000  0 
0.590653 -0.033000  0 
0.552547 -0.033000  0 
0.571600 0.066000  0 
0.571600 -0.066000  0 
0.609705 0.066000  0 
0.533495 0.066000  0 
0.609705 -0.066000  0 
0.533495 -0.066000  0 
0.609705 0.330000  0 
0.533495 0.330000  0 
0.647810 0.330000  0 
0.495390 0.330000  0 
0.628758 0.363000  0 
0.514442 0.363000  0 
0.628758 0.297000  0 
0.514442 0.297000  0 
0.590653 0.363000  0 
0.552547 0.363000  0 
0.590653 0.297000  0 
0.552547 0.297000  0 
0.571600 0.396000  0 
0.571600 0.264000  0 
0.609705 0.396000  0 
0.533495 0.396000  0 
0.609705 0.264000  0 
0.533495 0.264000  0 
0.514405 -0.495000  0 
0.438195 -0.495000  0 
0.552510 -0.495000  0 
0.400090 -0.495000  0 
0.533458 -0.462000  0 
0.419142 -0.462000  0 
0.533458 -0.528000  0 
0.419142 -0.528000  0 
0.495353 -0.462000  0 
0.457247 -0.462000  0 
0.495353 -0.528000  0 
0.457247 -0.528000  0 
0.476300 -0.429000  0 
0.476300 -0.561000  0 
0.514405 -0.429000  0 
0.438195 -0.429000  0 
0.514405 -0.561000  0 
0.438195 -0.561000  0 
0.514405 -0.165000  0 
0.438195 -0.165000  0 
0.552510 -0.165000  0 
0.400090 -0.165000  0 
0.533458 -0.132000  0 
0.419142 -0.132000  0 
0.533458 -0.198000  0 
0.419142 -0.198000  0 
0.495353 -0.132000  0 
0.457247 -0.132000  0 
0.495353 -0.198000  0 
0.457247 -0.198000  0 
0.476300 -0.099000  0 
0.476300 -0.231000  0 
0.514405 -0.099000  0 
0.438195 -0.099000  0 
0.514405 -0.231000  0 
0.438195 -0.231000  0 
0.514405 0.165000  0 
0.438195 0.165000  0 
0.552510 0.165000  0 
0.400090 0.165000  0 
0.533458 0.198000  0 
0.419142 0.198000  0 
0.533458 0.132000  0 
0.419142 0.132000  0 
0.495353 0.198000  0 
0.457247 0.198000  0 
0.495353 0.132000  0 
0.457247 0.132000  0 
0.476300 0.231000  0 
0.476300 0.099000  0 
0.514405 0.231000  0 
0.438195 0.231000  0 
0.514405 0.099000  0 
0.438195 0.099000  0 
0.514405 0.495000  0 
0.438195 0.495000  0 
0.552510 0.495000  0 
0.400090 0.495000  0 
0.533458 0.528000  0 
0.419142 0.528000  0 
0.533458 0.462000  0 
0.419142 0.462000  0 
0.495353 0.528000  0 
0.457247 0.528000  0 
0.495353 0.462000  0 
0.457247 0.462000  0 
0.476300 0.561000  0 
0.476300 0.429000  0 
0.514405 0.561000  0 
0.438195 0.561000  0 
0.514405 0.429000  0 
0.438195 0.429000  0 
0.419155 -0.330000  0 
0.342945 -0.330000  0 
0.457260 -0.330000  0 
0.304840 -0.330000  0 
0.438208 -0.297000  0 
0.323892 -0.297000  0 
0.438208 -0.363000  0 
0.323892 -0.363000  0 
0.400103 -0.297000  0 
0.361997 -0.297000  0 
0.400103 -0.363000  0 
0.361997 -0.363000  0 
0.381050 -0.264000  0 
0.381050 -0.396000  0 
0.419155 -0.264000  0 
0.342945 -0.264000  0 
0.419155 -0.396000  0 
0.342945 -0.396000  0 
0.419155 0.000000  0 
0.342945 0.000000  0 
0.457260 0.000000  0 
0.304840 0.000000  0 
0.438208 0.033000  0 
0.323892 0.033000  0 
0.438208 -0.033000  0 
0.323892 -0.033000  0 
0.400103 0.033000  0 
0.361997 0.033000  0 
0.400103 -0.033000  0 
0.361997 -0.033000  0 
0.381050 0.066000  0 
0.381050 -0.066000  0 
0.419155 0.066000  0 
0.342945 0.066000  0 
0.419155 -0.066000  0 
0.342945 -0.066000  0 
0.419155 0.330000  0 
0.342945 0.330000  0 
0.457260 0.330000  0 
0.304840 0.330000  0 
0.438208 0.363000  0 
0.323892 0.363000  0 
0.438208 0.297000  0 
0.323892 0.297000  0 
0.400103 0.363000  0 
0.361997 0.363000  0 
0.400103 0.297000  0 
0.361997 0.297000  0 
0.381050 0.396000  0 
0.381050 0.264000  0 
0.419155 0.396000  0 
0.342945 0.396000  0 
0.419155 0.264000  0 
0.342945 0.264000  0 
0.324005 -0.495000  0 
0.247795 -0.495000  0 
0.362110 -0.495000  0 
0.209690 -0.495000  0 
0.343058 -0.462000  0 
0.228742 -0.462000  0 
0.343058 -0.528000  0 
0.228742 -0.528000  0 
0.304953 -0.462000  0 
0.266847 -0.462000  0 
0.304953 -0.528000  0 
0.266847 -0.528000  0 
0.285900 -0.429000  0 
0.285900 -0.561000  0 
0.324005 -0.429000  0 
0.247795 -0.429000  0 
0.324005 -0.561000  0 
0.247795 -0.561000  0 
0.324005 -0.165000  0 
0.247795 -0.165000  0 
0.362110 -0.165000  0 
0.209690 -0.165000  0 
0.343058 -0.132000  0 
0.228742 -0.132000  0 
0.343058 -0.198000  0 
0.228742 -0.198000  0 
0.304953 -0.132000  0 
0.266847 -0.132000  0 
0.304953 -0.198000  0 
0.266847 -0.198000  0 
0.285900 -0.099000  0 
0.285900 -0.231000  0 
0.324005 -0.099000  0 
0.247795 -0.099000  0 
0.324005 -0.231000  0 
0.247795 -0.231000  0 
0.324005 0.165000  0 
0.247795 0.165000  0 
0.362110 0.165000  0 
0.209690 0.165000  0 
0.343058 0.198000  0 
0.228742 0.198000  0 
0.343058 0.132000  0 
0.228742 0.132000  0 
0.304953 0.198000  0 
0.266847 0.198000  0 
0.304953 0.132000  0 
0.266847 0.132000  0 
0.285900 0.231000  0 
0.285900 0.099000  0 
0.324005 0.231000  0 
0.247795 0.231000  0 
0.324005 0.099000  0 
0.247795 0.099000  0 
0.324005 0.495000  0 
0.247795 0.495000  0 
0.362110 0.495000  0 
0.209690 0.495000  0 
0.343058 0.528000  0 
0.228742 0.528000  0 
0.343058 0.462000  0 
0.228742 0.462000  0 
0.304953 0.528000  0 
0.266847 0.528000  0 
0.304953 0.462000  0 
0.266847 0.462000  0 
0.285900 0.561000  0 
0.285900 0.429000  0 
0.324005 0.561000  0 
0.247795 0.561000  0 
0.324005 0.429000  0 
0.247795 0.429000  0 
0.228605 -0.660000  0 
0.152395 -0.660000  0 
0.266710 -0.660000  0 
0.114290 -0.660000  0 
0.247658 -0.627000  0 
0.133342 -0.627000  0 
0.247658 -0.693000  0 
0.133342 -0.693000  0 
0.209553 -0.627000  0 
0.171447 -0.627000  0 
0.209553 -0.693000  0 
0.171447 -0.693000  0 
0.190500 -0.594000  0 
0.190500 -0.726000  0 
0.228605 -0.594000  0 
0.152395 -0.594000  0 
0.228605 -0.726000  0 
0.152395 -0.726000  0 
0.228605 -0.330000  0 
0.152395 -0.330000  0 
0.266710 -0.330000  0 
0.114290 -0.330000  0 
0.247658 -0.297000  0 
0.133342 -0.297000  0 
0.247658 -0.363000  0 
0.133342 -0.363000  0 
0.209553 -0.297000  0 
0.171447 -0.297000  0 
0.209553 -0.363000  0 
0.171447 -0.363000  0 
0.190500 -0.264000  0 
0.190500 -0.396000  0 
0.228605 -0.264000  0 
0.152395 -0.264000  0 
0.228605 -0.396000  0 
0.152395 -0.396000  0 
0.228605 0.000000  0 
0.152395 0.000000  0 
0.266710 0.000000  0 
0.114290 0.000000  0 
0.247658 0.033000  0 
0.133342 0.033000  0 
0.247658 -0.033000  0 
0.133342 -0.033000  0 
0.209553 0.033000  0 
0.171447 0.033000  0 
0.209553 -0.033000  0 
0.171447 -0.033000  0 
0.190500 0.066000  0 
0.190500 -0.066000  0 
0.228605 0.066000  0 
0.152395 0.066000  0 
0.228605 -0.066000  0 
0.152395 -0.066000  0 
0.228605 0.330000  0 
0.152395 0.330000  0 
0.266710 0.330000  0 
0.114290 0.330000  0 
0.247658 0.363000  0 
0.133342 0.363000  0 
0.247658 0.297000  0 
0.133342 0.297000  0 
0.209553 0.363000  0 
0.171447 0.363000  0 
0.209553 0.297000  0 
0.171447 0.297000  0 
0.190500 0.396000  0 
0.190500 0.264000  0 
0.228605 0.396000  0 
0.152395 0.396000  0 
0.228605 0.264000  0 
0.152395 0.264000  0 
0.228605 0.660000  0 
0.152395 0.660000  0 
0.266710 0.660000  0 
0.114290 0.660000  0 
0.247658 0.693000  0 
0.133342 0.693000  0 
0.247658 0.627000  0 
0.133342 0.627000  0 
0.209553 0.693000  0 
0.171447 0.693000  0 
0.209553 0.627000  0 
0.171447 0.627000  0 
0.190500 0.726000  0 
0.190500 0.594000  0 
0.228605 0.726000  0 
0.152395 0.726000  0 
0.228605 0.594000  0 
0.152395 0.594000  0 
0.133365 -0.495000  0 
0.057155 -0.495000  0 
0.171470 -0.495000  0 
0.019050 -0.495000  0 
0.152418 -0.462000  0 
0.038102 -0.462000  0 
0.152418 -0.528000  0 
0.038102 -0.528000  0 
0.114313 -0.462000  0 
0.076207 -0.462000  0 
0.114313 -0.528000  0 
0.076207 -0.528000  0 
0.095260 -0.429000  0 
0.095260 -0.561000  0 
0.133365 -0.429000  0 
0.057155 -0.429000  0 
0.133365 -0.561000  0 
0.057155 -0.561000  0 
0.133365 -0.165000  0 
0.057155 -0.165000  0 
0.171470 -0.165000  0 
0.019050 -0.165000  0 
0.152418 -0.132000  0 
0.038102 -0.132000  0 
0.152418 -0.198000  0 
0.038102 -0.198000  0 
0.114313 -0.132000  0 
0.076207 -0.132000  0 
0.114313 -0.198000  0 
0.076207 -0.198000  0 
0.095260 -0.099000  0 
0.095260 -0.231000  0 
0.133365 -0.099000  0 
0.057155 -0.099000  0 
0.133365 -0.231000  0 
0.057155 -0.231000  0 
0.133365 0.165000  0 
0.057155 0.165000  0 
0.171470 0.165000  0 
0.019050 0.165000  0 
0.152418 0.198000  0 
0.038102 0.198000  0 
0.152418 0.132000  0 
0.038102 0.132000  0 
0.114313 0.198000  0 
0.076207 0.198000  0 
0.114313 0.132000  0 
0.076207 0.132000  0 
0.095260 0.231000  0 
0.095260 0.099000  0 
0.133365 0.231000  0 
0.057155 0.231000  0 
0.133365 0.099000  0 
0.057155 0.099000  0 
0.133365 0.495000  0 
0.057155 0.495000  0 
0.171470 0.495000  0 
0.019050 0.495000  0 
0.152418 0.528000  0 
0.038102 0.528000  0 
0.152418 0.462000  0 
0.038102 0.462000  0 
0.114313 0.528000  0 
0.076207 0.528000  0 
0.114313 0.462000  0 
0.076207 0.462000  0 
0.095260 0.561000  0 
0.095260 0.429000  0 
0.133365 0.561000  0 
0.057155 0.561000  0 
0.133365 0.429000  0 
0.057155 0.429000  0 
0.038105 -0.660000  0 
-0.038105 -0.660000  0 
0.076210 -0.660000  0 
-0.076210 -0.660000  0 
0.057158 -0.627000  0 
-0.057158 -0.627000  0 
0.057158 -0.693000  0 
-0.057158 -0.693000  0 
0.019053 -0.627000  0 
-0.019053 -0.627000  0 
0.019053 -0.693000  0 
-0.019053 -0.693000  0 
0.000000 -0.594000  0 
0.000000 -0.726000  0 
0.038105 -0.594000  0 
-0.038105 -0.594000  0 
0.038105 -0.726000  0 
-0.038105 -0.726000  0 
0.038105 -0.330000  0 
-0.038105 -0.330000  0 
0.076210 -0.330000  0 
-0.076210 -0.330000  0 
0.057158 -0.297000  0 
-0.057158 -0.297000  0 
0.057158 -0.363000  0 
-0.057158 -0.363000  0 
0.019053 -0.297000  0 
-0.019053 -0.297000  0 
0.019053 -0.363000  0 
-0.019053 -0.363000  0 
0.000000 -0.264000  0 
0.000000 -0.396000  0 
0.038105 -0.264000  0 
-0.038105 -0.264000  0 
0.038105 -0.396000  0 
-0.038105 -0.396000  0 
0.038105 0.000000  0 
-0.038105 0.000000  0 
0.076210 0.000000  0 
-0.076210 0.000000  0 
0.057158 0.033000  0 
-0.057158 0.033000  0 
0.057158 -0.033000  0 
-0.057158 -0.033000  0 
0.019053 0.033000  0 
-0.019053 0.033000  0 
0.019053 -0.033000  0 
-0.019053 -0.033000  0 
0.000000 0.066000  0 
0.000000 -0.066000  0 
0.038105 0.066000  0 
-0.038105 0.066000  0 
0.038105 -0.066000  0 
-0.038105 -0.066000  0 
0.038105 0.330000  0 
-0.038105 0.330000  0 
0.076210 0.330000  0 
-0.076210 0.330000  0 
0.057158 0.363000  0 
-0.057158 0.363000  0 
0.057158 0.297000  0 
-0.057158 0.297000  0 
0.019053 0.363000  0 
-0.019053 0.363000  0 
0.019053 0.297000  0 
-0.019053 0.297000  0 
0.000000 0.396000  0 
0.000000 0.264000  0 
0.038105 0.396000  0 
-0.038105 0.396000  0 
0.038105 0.264000  0 
-0.038105 0.264000  0 
0.038105 0.660000  0 
-0.038105 0.660000  0 
0.076210 0.660000  0 
-0.076210 0.660000  0 
0.057158 0.693000  0 
-0.057158 0.693000  0 
0.057158 0.627000  0 
-0.057158 0.627000  0 
0.019053 0.693000  0 
-0.019053 0.693000  0 
0.019053 0.627000  0 
-0.019053 0.627000  0 
0.000000 0.726000  0 
0.000000 0.594000  0 
0.038105 0.726000  0 
-0.038105 0.726000  0 
0.038105 0.594000  0 
-0.038105 0.594000  0 
-0.057155 -0.495000  0 
-0.133365 -0.495000  0 
-0.019050 -0.495000  0 
-0.171470 -0.495000  0 
-0.038102 -0.462000  0 
-0.152418 -0.462000  0 
-0.038102 -0.528000  0 
-0.152418 -0.528000  0 
-0.076207 -0.462000  0 
-0.114313 -0.462000  0 
-0.076207 -0.528000  0 
-0.114313 -0.528000  0 
-0.095260 -0.429000  0 
-0.095260 -0.561000  0 
-0.057155 -0.429000  0 
-0.133365 -0.429000  0 
-0.057155 -0.561000  0 
-0.133365 -0.561000  0 
-0.057155 -0.165000  0 
-0.133365 -0.165000  0 
-0.019050 -0.165000  0 
-0.171470 -0.165000  0 
-0.038102 -0.132000  0 
-0.152418 -0.132000  0 
-0.038102 -0.198000  0 
-0.152418 -0.198000  0 
-0.076207 -0.132000  0 
-0.114313 -0.132000  0 
-0.076207 -0.198000  0 
-0.114313 -0.198000  0 
-0.095260 -0.099000  0 
-0.095260 -0.231000  0 
-0.057155 -0.099000  0 
-0.133365 -0.099000  0 
-0.057155 -0.231000  0 
-0.133365 -0.231000  0 
-0.057155 0.165000  0 
-0.133365 0.165000  0 
-0.019050 0.165000  0 
-0.171470 0.165000  0 
-0.038102 0.198000  0 
-0.152418 0.198000  0 
-0.038102 0.132000  0 
-0.152418 0.132000  0 
-0.076207 0.198000  0 
-0.114313 0.198000  0 
-0.076207 0.132000  0 
-0.114313 0.132000  0 
-0.095260 0.231000  0 
-0.095260 0.099000  0 
-0.057155 0.231000  0 
-0.133365 0.231000  0 
-0.057155 0.099000  0 
-0.133365 0.099000  0 
-0.057155 0.495000  0 
-0.133365 0.495000  0 
-0.019050 0.495000  0 
-0.171470 0.495000  0 
-0.038102 0.528000  0 
-0.152418 0.528000  0 
-0.038102 0.462000  0 
-0.152418 0.462000  0 
-0.076207 0.528000  0 
-0.114313 0.528000  0 
-0.076207 0.462000  0 
-0.114313 0.462000  0 
-0.095260 0.561000  0 
-0.095260 0.429000  0 
-0.057155 0.561000  0 
-0.133365 0.561000  0 
-0.057155 0.429000  0 
-0.133365 0.429000  0 
-0.152395 -0.660000  0 
-0.228605 -0.660000  0 
-0.114290 -0.660000  0 
-0.266710 -0.660000  0 
-0.133342 -0.627000  0 
-0.247658 -0.627000  0 
-0.133342 -0.693000  0 
-0.247658 -0.693000  0 
-0.171447 -0.627000  0 
-0.209553 -0.627000  0 
-0.171447 -0.693000  0 
-0.209553 -0.693000  0 
-0.190500 -0.594000  0 
-0.190500 -0.726000  0 
-0.152395 -0.594000  0 
-0.228605 -0.594000  0 
-0.152395 -0.726000  0 
-0.228605 -0.726000  0 
-0.152395 -0.330000  0 
-0.228605 -0.330000  0 
-0.114290 -0.330000  0 
-0.266710 -0.330000  0 
-0.133342 -0.297000  0 
-0.247658 -0.297000  0 
-0.133342 -0.363000  0 
-0.247658 -0.363000  0 
-0.171447 -0.297000  0 
-0.209553 -0.297000  0 
-0.171447 -0.363000  0 
-0.209553 -0.363000  0 
-0.190500 -0.264000  0 
-0.190500 -0.396000  0 
-0.152395 -0.264000  0 
-0.228605 -0.264000  0 
-0.152395 -0.396000  0 
-0.228605 -0.396000  0 
-0.152395 0.000000  0 
-0.228605 0.000000  0 
-0.114290 0.000000  0 
-0.266710 0.000000  0 
-0.133342 0.033000  0 
-0.247658 0.033000  0 
-0.133342 -0.033000  0 
-0.247658 -0.033000  0 
-0.171447 0.033000  0 
-0.209553 0.033000  0 
-0.171447 -0.033000  0 
-0.209553 -0.033000  0 
-0.190500 0.066000  0 
-0.190500 -0.066000  0 
-0.152395 0.066000  0 
-0.228605 0.066000  0 
-0.152395 -0.066000  0 
-0.228605 -0.066000  0 
-0.152395 0.330000  0 
-0.228605 0.330000  0 
-0.114290 0.330000  0 
-0.266710 0.330000  0 
-0.133342 0.363000  0 
-0.247658 0.363000  0 
-0.133342 0.297000  0 
-0.247658 0.297000  0 
-0.171447 0.363000  0 
-0.209553 0.363000  0 
-0.171447 0.297000  0 
-0.209553 0.297000  0 
-0.190500 0.396000  0 
-0.190500 0.264000  0 
-0.152395 0.396000  0 
-0.228605 0.396000  0 
-0.152395 0.264000  0 
-0.228605 0.264000  0 
-0.152395 0.660000  0 
-0.228605 0.660000  0 
-0.114290 0.660000  0 
-0.266710 0.660000  0 
-0.133342 0.693000  0 
-0.247658 0.693000  0 
-0.133342 0.627000  0 
-0.247658 0.627000  0 
-0.171447 0.693000  0 
-0.209553 0.693000  0 
-0.171447 0.627000  0 
-0.209553 0.627000  0 
-0.190500 0.726000  0 
-0.190500 0.594000  0 
-0.152395 0.726000  0 
-0.228605 0.726000  0 
-0.152395 0.594000  0 
-0.228605 0.594000  0 
-0.247795 -0.495000  0 
-0.324005 -0.495000  0 
-0.209690 -0.495000  0 
-0.362110 -0.495000  0 
-0.228742 -0.462000  0 
-0.343058 -0.462000  0 
-0.228742 -0.528000  0 
-0.343058 -0.528000  0 
-0.266847 -0.462000  0 
-0.304953 -0.462000  0 
-0.266847 -0.528000  0 
-0.304953 -0.528000  0 
-0.285900 -0.429000  0 
-0.285900 -0.561000  0 
-0.247795 -0.429000  0 
-0.324005 -0.429000  0 
-0.247795 -0.561000  0 
-0.324005 -0.561000  0 
-0.247795 -0.165000  0 
-0.324005 -0.165000  0 
-0.209690 -0.165000  0 
-0.362110 -0.165000  0 
-0.228742 -0.132000  0 
-0.343058 -0.132000  0 
-0.228742 -0.198000  0 
-0.343058 -0.198000  0 
-0.266847 -0.132000  0 
-0.304953 -0.132000  0 
-0.266847 -0.198000  0 
-0.304953 -0.198000  0 
-0.285900 -0.099000  0 
-0.285900 -0.231000  0 
-0.247795 -0.099000  0 
-0.324005 -0.099000  0 
-0.247795 -0.231000  0 
-0.324005 -0.231000  0 
-0.247795 0.165000  0 
-0.324005 0.165000  0 
-0.209690 0.165000  0 
-0.362110 0.165000  0 
-0.228742 0.198000  0 
-0.343058 0.198000  0 
-0.228742 0.132000  0 
-0.343058 0.132000  0 
-0.266847 0.198000  0 
-0.304953 0.198000  0 
-0.266847 0.132000  0 
-0.304953 0.132000  0 
-0.285900 0.231000  0 
-0.285900 0.099000  0 
-0.247795 0.231000  0 
-0.324005 0.231000  0 
-0.247795 0.099000  0 
-0.324005 0.099000  0 
-0.247795 0.495000  0 
-0.324005 0.495000  0 
-0.209690 0.495000  0 
-0.362110 0.495000  0 
-0.228742 0.528000  0 
-0.343058 0.528000  0 
-0.228742 0.462000  0 
-0.343058 0.462000  0 
-0.266847 0.528000  0 
-0.304953 0.528000  0 
-0.266847 0.462000  0 
-0.304953 0.462000  0 
-0.285900 0.561000  0 
-0.285900 0.429000  0 
-0.247795 0.561000  0 
-0.324005 0.561000  0 
-0.247795 0.429000  0 
-0.324005 0.429000  0 
-0.342945 -0.330000  0 
-0.419155 -0.330000  0 
-0.304840 -0.330000  0 
-0.457260 -0.330000  0 
-0.323892 -0.297000  0 
-0.438208 -0.297000  0 
-0.323892 -0.363000  0 
-0.438208 -0.363000  0 
-0.361997 -0.297000  0 
-0.400103 -0.297000  0 
-0.361997 -0.363000  0 
-0.400103 -0.363000  0 
-0.381050 -0.264000  0 
-0.381050 -0.396000  0 
-0.342945 -0.264000  0 
-0.419155 -0.264000  0 
-0.342945 -0.396000  0 
-0.419155 -0.396000  0 
-0.342945 0.000000  0 
-0.419155 0.000000  0 
-0.304840 0.000000  0 
-0.457260 0.000000  0 
-0.323892 0.033000  0 
-0.438208 0.033000  0 
-0.323892 -0.033000  0 
-0.438208 -0.033000  0 
-0.361997 0.033000  0 
-0.400103 0.033000  0 
-0.361997 -0.033000  0 
-0.400103 -0.033000  0 
-0.381050 0.066000  0 
-0.381050 -0.066000  0 
-0.342945 0.066000  0 
-0.419155 0.066000  0 
-0.342945 -0.066000  0 
-0.419155 -0.066000  0 
-0.342945 0.330000  0 
-0.419155 0.330000  0 
-0.304840 0.330000  0 
-0.457260 0.330000  0 
-0.323892 0.363000  0 
-0.438208 0.363000  0 
-0.323892 0.297000  0 
-0.438208 0.297000  0 
-0.361997 0.363000  0 
-0.400103 0.363000  0 
-0.361997 0.297000  0 
-0.400103 0.297000  0 
-0.381050 0.396000  0 
-0.381050 0.264000  0 
-0.342945 0.396000  0 
-0.419155 0.396000  0 
-0.342945 0.264000  0 
-0.419155 0.264000  0 
-0.438195 -0.495000  0 
-0.514405 -0.495000  0 
-0.400090 -0.495000  0 
-0.552510 -0.495000  0 
-0.419142 -0.462000  0 
-0.533458 -0.462000  0 
-0.419142 -0.528000  0 
-0.533458 -0.528000  0 
-0.457247 -0.462000  0 
-0.495353 -0.462000  0 
-0.457247 -0.528000  0 
-0.495353 -0.528000  0 
-0.476300 -0.429000  0 
-0.476300 -0.561000  0 
-0.438195 -0.429000  0 
-0.514405 -0.429000  0 
-0.438195 -0.561000  0 
-0.514405 -0.561000  0 
-0.438195 -0.165000  0 
-0.514405 -0.165000  0 
-0.400090 -0.165000  0 
-0.552510 -0.165000  0 
-0.419142 -0.132000  0 
-0.533458 -0.132000  0 
-0.419142 -0.198000  0 
-0.533458 -0.198000  0 
-0.457247 -0.132000  0 
-0.495353 -0.132000  0 
-0.457247 -0.198000  0 
-0.495353 -0.198000  0 
-0.476300 -0.099000  0 
-0.476300 -0.231000  0 
-0.438195 -0.099000  0 
-0.514405 -0.099000  0 
-0.438195 -0.231000  0 
-0.514405 -0.231000  0 
-0.438195 0.165000  0 
-0.514405 0.165000  0 
-0.400090 0.165000  0 
-0.552510 0.165000  0 
-0.419142 0.198000  0 
-0.533458 0.198000  0 
-0.419142 0.132000  0 
-0.533458 0.132000  0 
-0.457247 0.198000  0 
-0.495353 0.198000  0 
-0.457247 0.132000  0 
-0.495353 0.132000  0 
-0.476300 0.231000  0 
-0.476300 0.099000  0 
-0.438195 0.231000  0 
-0.514405 0.231000  0 
-0.438195 0.099000  0 
-0.514405 0.099000  0 
-0.438195 0.495000  0 
-0.514405 0.495000  0 
-0.400090 0.495000  0 
-0.552510 0.495000  0 
-0.419142 0.528000  0 
-0.533458 0.528000  0 
-0.419142 0.462000  0 
-0.533458 0.462000  0 
-0.457247 0.528000  0 
-0.495353 0.528000  0 
-0.457247 0.462000  0 
-0.495353 0.462000  0 
-0.476300 0.561000  0 
-0.476300 0.429000  0 
-0.438195 0.561000  0 
-0.514405 0.561000  0 
-0.438195 0.429000  0 
-0.514405 0.429000  0 
-0.533495 -0.330000  0 
-0.609705 -0.330000  0 
-0.495390 -0.330000  0 
-0.647810 -0.330000  0 
-0.514442 -0.297000  0 
-0.628758 -0.297000  0 
-0.514442 -0.363000  0 
-0.628758 -0.363000  0 
-0.552547 -0.297000  0 
-0.590653 -0.297000  0 
-0.552547 -0.363000  0 
-0.590653 -0.363000  0 
-0.571600 -0.264000  0 
-0.571600 -0.396000  0 
-0.533495 -0.264000  0 
-0.609705 -0.264000  0 
-0.533495 -0.396000  0 
-0.609705 -0.396000  0 
-0.533495 0.000000  0 
-0.609705 0.000000  0 
-0.495390 0.000000  0 
-0.647810 0.000000  0 
-0.514442 0.033000  0 
-0.628758 0.033000  0 
-0.514442 -0.033000  0 
-0.628758 -0.033000  0 
-0.552547 0.033000  0 
-0.590653 0.033000  0 
-0.552547 -0.033000  0 
-0.590653 -0.033000  0 
-0.571600 0.066000  0 
-0.571600 -0.066000  0 
-0.533495 0.066000  0 
-0.609705 0.066000  0 
-0.533495 -0.066000  0 
-0.609705 -0.066000  0 
-0.533495 0.330000  0 
-0.609705 0.330000  0 
-0.495390 0.330000  0 
-0.647810 0.330000  0 
-0.514442 0.363000  0 
-0.628758 0.363000  0 
-0.514442 0.297000  0 
-0.628758 0.297000  0 
-0.552547 0.363000  0 
-0.590653 0.363000  0 
-0.552547 0.297000  0 
-0.590653 0.297000  0 
-0.571600 0.396000  0 
-0.571600 0.264000  0 
-0.533495 0.396000  0 
-0.609705 0.396000  0 
-0.533495 0.264000  0 
-0.609705 0.264000  0 
-0.628695 -0.165000  0 
-0.704905 -0.165000  0 
-0.590590 -0.165000  0 
-0.743010 -0.165000  0 
-0.609642 -0.132000  0 
-0.723958 -0.132000  0 
-0.609642 -0.198000  0 
-0.723958 -0.198000  0 
-0.647747 -0.132000  0 
-0.685853 -0.132000  0 
-0.647747 -0.198000  0 
-0.685853 -0.198000  0 
-0.666800 -0.099000  0 
-0.666800 -0.231000  0 
-0.628695 -0.099000  0 
-0.704905 -0.099000  0 
-0.628695 -0.231000  0 
-0.704905 -0.231000  0 
-0.628695 0.165000  0 
-0.704905 0.165000  0 
-0.590590 0.165000  0 
-0.743010 0.165000  0 
-0.609642 0.198000  0 
-0.723958 0.198000  0 
-0.609642 0.132000  0 
-0.723958 0.132000  0 
-0.647747 0.198000  0 
-0.685853 0.198000  0 
-0.647747 0.132000  0 
-0.685853 0.132000  0 
-0.666800 0.231000  0 
-0.666800 0.099000  0 
-0.628695 0.231000  0 
-0.704905 0.231000  0 
-0.628695 0.099000  0 
-0.704905 0.099000  0 
-0.342945 0.660000  0 
-0.419155 0.660000  0 
-0.304840 0.660000  0 
-0.457260 0.660000  0 
-0.323892 0.693000  0 
-0.438208 0.693000  0 
-0.323892 0.627000  0 
-0.438208 0.627000  0 
-0.361997 0.693000  0 
-0.400103 0.693000  0 
-0.361997 0.627000  0 
-0.400103 0.627000  0 
-0.381050 0.726000  0 
-0.381050 0.594000  0 
-0.342945 0.726000  0 
-0.419155 0.726000  0 
-0.342945 0.594000  0 
-0.419155 0.594000  0 
0.419155 0.660000  0 
0.342945 0.660000  0 
0.457260 0.660000  0 
0.304840 0.660000  0 
0.438208 0.693000  0 
0.323892 0.693000  0 
0.438208 0.627000  0 
0.323892 0.627000  0 
0.400103 0.693000  0 
0.361997 0.693000  0 
0.400103 0.627000  0 
0.361997 0.627000  0 
0.381050 0.726000  0 
0.381050 0.594000  0 
0.419155 0.726000  0 
0.342945 0.726000  0 
0.419155 0.594000  0 
0.342945 0.594000  0 
-0.342945 -0.660000  0 
-0.419155 -0.660000  0 
-0.304840 -0.660000  0 
-0.457260 -0.660000  0 
-0.323892 -0.627000  0 
-0.438208 -0.627000  0 
-0.323892 -0.693000  0 
-0.438208 -0.693000  0 
-0.361997 -0.627000  0 
-0.400103 -0.627000  0 
-0.361997 -0.693000  0 
-0.400103 -0.693000  0 
-0.381050 -0.594000  0 
-0.381050 -0.726000  0 
-0.342945 -0.594000  0 
-0.419155 -0.594000  0 
-0.342945 -0.726000  0 
-0.419155 -0.726000  0 
0.419155 -0.660000  0 
0.342945 -0.660000  0 
0.457260 -0.660000  0 
0.304840 -0.660000  0 
0.438208 -0.627000  0 
0.323892 -0.627000  0 
0.438208 -0.693000  0 
0.323892 -0.693000  0 
0.400103 -0.627000  0 
0.361997 -0.627000  0 
0.400103 -0.693000  0 
0.361997 -0.693000  0 
0.381050 -0.594000  0 
0.381050 -0.726000  0 
0.419155 -0.594000  0 
0.342945 -0.594000  0 
0.419155 -0.726000  0 
0.342945 -0.726000  0 
0.800205 0.000000  0 
0.723995 0.000000  0 
0.838310 0.000000  0 
0.685890 0.000000  0 
0.819258 0.033000  0 
0.704942 0.033000  0 
0.819258 -0.033000  0 
0.704942 -0.033000  0 
0.781153 0.033000  0 
0.743047 0.033000  0 
0.781153 -0.033000  0 
0.743047 -0.033000  0 
0.762100 0.066000  0 
0.762100 -0.066000  0 
0.800205 0.066000  0 
0.723995 0.066000  0 
0.800205 -0.066000  0 
0.723995 -0.066000  0 
-0.723995 0.000000  0 
-0.800205 0.000000  0 
-0.685890 0.000000  0 
-0.838310 0.000000  0 
-0.704942 0.033000  0 
-0.819258 0.033000  0 
-0.704942 -0.033000  0 
-0.819258 -0.033000  0 
-0.743047 0.033000  0 
-0.781153 0.033000  0 
-0.743047 -0.033000  0 
-0.781153 -0.033000  0 
-0.762100 0.066000  0 
-0.762100 -0.066000  0 
-0.723995 0.066000  0 
-0.800205 0.066000  0 
-0.723995 -0.066000  0 
-0.800205 -0.066000  0 
