htc_hp
1.0e6
1.0e6
1.0e6
1.0e6
1.0e6
1.0e6
1.0e6
1.0e6
1.0e6
1.0e6
1.0e6
1.0e6
1.0e6
1.0e6
1.0e6
1.0e6
1.0e6
1.0e6
1.0e-2
1.0e6
1.0e6
1.0e6
1.0e6
1.0e6
1.0e6
1.0e6
1.0e6
1.0e6
1.0e6
1.0e6
1.0e6
1.0e6
1.0e6
1.0e6
1.0e6
1.0e6
1.0e6
1.0e6
1.0e6
1.0e6
1.0e6
1.0e6
1.0e6
1.0e6
1.0e6
1.0e6
1.0e6
1.0e6
1.0e6
1.0e6
1.0e6
1.0e6
1.0e6
1.0e6
1.0e6
1.0e6
1.0e6
1.0e6
1.0e6
1.0e6
1.0e6
1.0e6
1.0e6
1.0e6
1.0e6
1.0e6
1.0e6
1.0e6
1.0e6
1.0e6
1.0e6
1.0e6
1.0e6
1.0e6
1.0e6
1.0e6
1.0e6
1.0e6
1.0e6
1.0e6
1.0e6
1.0e6
1.0e6
1.0e6
1.0e6
1.0e6
1.0e6
1.0e6
1.0e6
1.0e6
1.0e6
1.0e6
1.0e6
1.0e6
1.0e6
1.0e6
1.0e6
1.0e6
1.0e6
1.0e6
1.0e6
1.0e6
1.0e6
1.0e6
1.0e6
1.0e6
1.0e6
1.0e6
1.0e6
1.0e6
1.0e6
1.0e6
1.0e6
1.0e6
1.0e6
1.0e6
1.0e6
1.0e6
1.0e6
1.0e6
1.0e6
1.0e6
1.0e6
1.0e6
1.0e6
1.0e6
1.0e6
1.0e6
1.0e6
1.0e6
1.0e6
1.0e6
1.0e6
1.0e6
1.0e6
1.0e6
1.0e6
1.0e6
1.0e6
1.0e6
1.0e6
1.0e6
1.0e6
1.0e6
1.0e6
1.0e6
1.0e6
1.0e6
1.0e6
1.0e6
1.0e6
1.0e6
1.0e6
1.0e6
1.0e6
1.0e6
1.0e6
1.0e6
1.0e6
1.0e6
1.0e6
1.0e6
1.0e6
1.0e6
1.0e6
1.0e6
1.0e6
1.0e6
1.0e6
1.0e6
1.0e6
1.0e6
1.0e6
1.0e6
1.0e6
1.0e6
1.0e6
1.0e6
1.0e6
1.0e6
1.0e6
1.0e6
1.0e6
1.0e6
1.0e6
1.0e6
1.0e6
1.0e6
1.0e6
1.0e6
1.0e6
1.0e6
