* power in heater 103 and 104
*
Time (s) Power (W)
 0.0 0.0
 1799.5 63.753234026380255
 1800.0 65.61717606615413
 5473.0 1499.570916000591
 10946.0 2559.561875204525
 16419.0 3363.5101510377535
 21892.0 4405.4824614615745
 27365.0 4943.605644647717
 32838.0 5584.886840415933
 38311.0 6003.961878457735
 43784.0 6753.959237167999
 49257.0 7265.67533706192
 54730.0 7677.059183457163
 60203.0 8191.444615569348
 65676.0 8989.619498897695
 71149.0 9207.565812968589
 76622.0 10147.360789105975
 82095.0 11104.802738984323
 87568.0 11219.014726528269
 93041.0 11478.075041809665
 98514.0 11773.872418573275
 103987.0 12514.644391006697
 109460.0 12967.998988276704
 114933.0 13035.884204178848
 120406.0 13006.928663185337
 125879.0 14672.893862966946
 131352.0 16488.03101234871
 136825.0 14494.527477482945
 142298.0 13750.828309047387
 147771.0 11931.648027078583
 153244.0 14000.65100237588
 158717.0 16116.840849873128
 164190.0 18251.630110393042
 169663.0 18379.35569634071
 175136.0 18189.28918961719
 180000.0 17952.49346674541
 180000.5 17940.665467350744
 180275.0 19368.772418933306
 180275.5 20197.484632773412
 180276.0 20022.390859805437
 180277.0 19838.806352829175
 180283.5 20439.9894023699
 180284.0 20796.48275191619
 180284.5 20709.591066281853
 180285.5 20616.54298955885
 180297.5 21046.948434673184
 180312.0 22999.051648243443
 180312.5 24282.63951023336
 180313.0 24048.150409528727
 180314.0 23757.601465955308
 180321.0 25026.33684758275
 180321.5 25831.385941910517
 180322.0 25706.65729847566
 180323.0 25522.31636859109
 180342.0 25933.663784543965
 180343.0 26101.12556803069
 180364.0 27626.94481545337
 180364.5 28706.74464267143
 180365.0 28517.55846407898
 180366.0 28278.130176724808
 180371.5 30216.430853453014
 180372.0 31546.094142104725
 180372.5 31386.139486129043
 180373.0 31055.324996246854
 180373.5 31040.063298376957
 180385.0 31313.427895547098
 180386.0 31412.200987306456
 180392.5 31574.755981383056
 180403.5 31670.37378444545
 180472.5 31817.60372674367
 180609.0 31977.49399583921
 180953.5 32036.676052749815
 180954.0 32040.254217890048
 180958.5 31495.02911862959
 180959.0 31020.751577387862
 180959.5 31108.729858528648
 181416.5 31125.976935967683
 181440.0 31058.856594911227
 181521.5 31077.606199160236
 181522.0 31076.491365921524
 182000.0 30501.687604031536
 182000.5 30505.329438313467
 186082.0 31295.77161694896
 191555.0 29924.757638340758
 197028.0 29799.639286612473
 202501.0 28218.16416759464
 207974.0 22698.769488147394
 213447.0 62.73256262042494
 218920.0 63.68265832956167
 224393.0 63.6694412004451
 229866.0 62.76306822239847
 235339.0 64.61262538725529
 240812.0 63.69587545867826
 246285.0 62.767595716863084
 251758.0 62.75606590362495
 257231.0 63.69737214242349
 262704.5 62.73832078889719