* RCCS pump
*
* Time (s)  Flow (kg/s)  
 0.0 0.0 
 5710.5 0.0 
 11421.5 0.0 
 17132.5 0.0 
 22843.5 0.0 
 28554.5 0.0 
 34265.5 0.0 
 39976.5 0.0 
 45687.5 0.0 
 51398.5 0.0 
 57109.5 0.0 
 62820.5 0.0 
 68531.5 0.0 
 74242.5 0.0 
 79953.5 0.0 
 85664.5 0.0 
 91375.0 0.0 
 94478.5 0.00015888888888886297
 94484.5 0.0017006481481481222 
 94485.0 0.0018396296296296034 
 94486.0 0.002295185185185159 
 95364.0 0.35648379629629784 
 95384.5 0.3587909259259279 
 95385.0 0.35885546296296494 
 95386.0 0.3588085185185205 
 97086.0 0.36426861111111547 
 102797.0 0.37430555555555595
 108508.0 0.3793221296296336 
 114219.0 0.34591472222222586
 119930.0 0.359767500000002 
 124282.0 0.34730759259259264
 124283.0 0.3472025 
 124298.5 0.346684351851852 
 125182.0 0.0012907407407407058 
 125183.0 0.0010037037037036686 
 125185.5 0.0 
 125186.0 0.0 
 125641.0 0.0 
 129655.0 0.00014462962962972476
 130534.0 0.3362653703703687 
 131352.0 0.3505404629629634 
 137063.0 0.36749305555555256
 142774.0 0.38171092592592293
 148485.0 0.3794677777777756 
 151652.0 0.3771738888888864 
 152552.0 0.38357518518518285
 154196.0 0.381679629629627 
 156632.5 0.378872870370368 
 157532.5 0.38221398148147845
 159345.0 0.3821533333333317 
 159346.0 0.3821732407407391 
 159907.0 0.3831237962962939 
 160245.0 0.38427648148147847
 160246.0 0.3842717592592562 
 160851.0 0.38142685185184827
 161751.0 0.38147462962962675
 165618.0 0.37289657407407106
 171329.0 0.379517499999999 
 177039.5 0.3822767592592572 
 182750.5 0.3816528703703693 
 188461.5 0.3836582407407383 
 194172.5 0.3864453703703642 
 199883.5 0.3880618518518502 
 205594.5 0.3882781481481489 
 211305.5 0.39450629629629386
 217016.5 0.3719629629629606 
 222727.5 0.3846451851851776 
 225524.5 0.38102009259258957
 225992.5 0.3763330555555516 
 226044.0 0.37445953703703355
 226045.0 0.3744508333333299 
 226892.5 0.37829648148147804
 226944.0 0.3802258333333293 
 226945.0 0.38023407407407006
 228438.5 0.3779973148148164 
 230912.0 0.37361462962962905
 230913.0 0.3736059259259253 
 231812.0 0.38236648148147784
 231813.0 0.3823810185185149 
 234149.5 0.37515388888888906
 236862.0 0.37550879629629674
 237762.0 0.37842712962962827
 239860.5 0.37752712962963336
 245571.5 0.3762580555555572 
 247934.0 0.3764252777777788 
 247989.5 0.37569462962963074
 248834.0 0.38029333333333293
 248889.5 0.3812971296296296 
 251282.5 0.37247740740740676
 256993.5 0.3664872222222195 
 261642.5 0.3740900925925905 
 261643.0 0.3740731481481461 
 262542.5 0.004174537037034386 
 262543.0 0.003984907407404756 
 262556.5 0.0