# ==============================================================================
# Power distribution (W).
# ==============================================================================
AXIS X
0.000 1.000 1.170 1.340 1.510 1.680 1.850
AXIS Y
0.000 4.350 4.850 5.350 5.850 6.350 6.850 7.350 7.850 8.350 8.850 9.350 9.850 10.350 10.850 11.350 11.850 12.350 12.850 13.350 13.850 14.350 14.850 15.350
DATA
0.0000E+00 0.0000E+00 0.0000E+00 0.0000E+00 0.0000E+00 0.0000E+00 0.0000E+00
0.0000E+00 8.7200E+05 8.5500E+05 8.2700E+05 7.9900E+05 7.7500E+05 0.0000E+00
0.0000E+00 1.1360E+06 1.0870E+06 1.0450E+06 1.0240E+06 1.0230E+06 0.0000E+00
0.0000E+00 1.4570E+06 1.3910E+06 1.3360E+06 1.3110E+06 1.3140E+06 0.0000E+00
0.0000E+00 1.8150E+06 1.7300E+06 1.6620E+06 1.6310E+06 1.6380E+06 0.0000E+00
0.0000E+00 2.2220E+06 2.1130E+06 2.0290E+06 1.9920E+06 2.0040E+06 0.0000E+00
0.0000E+00 2.6900E+06 2.5520E+06 2.4480E+06 2.4040E+06 2.4250E+06 0.0000E+00
0.0000E+00 3.2320E+06 3.0560E+06 2.9290E+06 2.8790E+06 2.9120E+06 0.0000E+00
0.0000E+00 3.8590E+06 3.6360E+06 3.4820E+06 3.4250E+06 3.4750E+06 0.0000E+00
0.0000E+00 4.5810E+06 4.2980E+06 4.1120E+06 4.0460E+06 4.1220E+06 0.0000E+00
0.0000E+00 5.4000E+06 5.0410E+06 4.8170E+06 4.7440E+06 4.8540E+06 0.0000E+00
0.0000E+00 6.3150E+06 5.8600E+06 5.5920E+06 5.5120E+06 5.6690E+06 0.0000E+00
0.0000E+00 7.3040E+06 6.7290E+06 6.4110E+06 6.3250E+06 6.5460E+06 0.0000E+00
0.0000E+00 8.3180E+06 7.6000E+06 7.2270E+06 7.1380E+06 7.4410E+06 0.0000E+00
0.0000E+00 9.2750E+06 8.3980E+06 7.9700E+06 7.8810E+06 8.2800E+06 0.0000E+00
0.0000E+00 1.0075E+07 9.0220E+06 8.5420E+06 8.4580E+06 8.9670E+06 0.0000E+00
0.0000E+00 1.0547E+07 9.3300E+06 8.8080E+06 8.7320E+06 9.3500E+06 0.0000E+00
0.0000E+00 1.0491E+07 9.1550E+06 8.6120E+06 8.5410E+06 9.2340E+06 0.0000E+00
0.0000E+00 9.7210E+06 8.3530E+06 7.8060E+06 7.7160E+06 8.3900E+06 0.0000E+00
0.0000E+00 8.2210E+06 6.9110E+06 6.3370E+06 6.1230E+06 6.5170E+06 0.0000E+00
0.0000E+00 6.2660E+06 5.1130E+06 4.5120E+06 4.0800E+06 3.8410E+06 0.0000E+00
0.0000E+00 4.3200E+06 3.4490E+06 2.9680E+06 2.5900E+06 2.3280E+06 0.0000E+00
0.0000E+00 2.5700E+06 2.0400E+06 1.7530E+06 1.5290E+06 1.3710E+06 0.0000E+00
0.0000E+00 0.0000E+00 0.0000E+00 0.0000E+00 0.0000E+00 0.0000E+00 0.0000E+00
